Versão;CLUSTER_GRUPO;CEP_RISCO;DS_MOD_PRC;MOD_PRC;DS_MOD_ADC;MOD_ADC;OFERTA_DIGITAL
V1805;G1;d. SEM RISCO;HVI3;R01;G1 - BHV;R01;15
V1805;G1;d. SEM RISCO;HVI3;R01;G1 - BHV;R02;15
V1805;G1;d. SEM RISCO;HVI3;R01;G1 - BHV;R03;15
V1805;G1;d. SEM RISCO;HVI3;R01;G1 - BHV;R04;15
V1805;G1;d. SEM RISCO;HVI3;R01;G1 - BHV;R05;15
V1805;G1;d. SEM RISCO;HVI3;R01;G1 - BHV;R06;15
V1805;G1;d. SEM RISCO;HVI3;R01;G1 - BHV;R07;15
V1805;G1;d. SEM RISCO;HVI3;R01;G1 - BHV;R08;15
V1805;G1;d. SEM RISCO;HVI3;R01;G1 - BHV;R09;15
V1805;G1;d. SEM RISCO;HVI3;R01;G1 - BHV;R10;15
V1805;G1;d. SEM RISCO;HVI3;R01;G1 - BHV;R11;15
V1805;G1;d. SEM RISCO;HVI3;R01;G1 - BHV;R12;15
V1805;G1;d. SEM RISCO;HVI3;R01;G1 - BHV;R13;15
V1805;G1;d. SEM RISCO;HVI3;R01;G1 - BHV;R14;15
V1805;G1;d. SEM RISCO;HVI3;R01;G1 - BHV;R15;15
V1805;G1;d. SEM RISCO;HVI3;R01;G1 - BHV;R16;15
V1805;G1;d. SEM RISCO;HVI3;R01;G1 - BHV;R17;15
V1805;G1;d. SEM RISCO;HVI3;R01;G1 - BHV;R18;15
V1805;G1;d. SEM RISCO;HVI3;R01;G1 - BHV;R19;15
V1805;G1;d. SEM RISCO;HVI3;R01;G1 - BHV;R20;15
V1805;G1;d. SEM RISCO;HVI3;R01;Restritivos;SEM RESTRITIVOS;15
V1805;G1;d. SEM RISCO;HVI3;R02;Restritivos;SEM RESTRITIVOS;15
V1805;G1;d. SEM RISCO;HVI3;R02;G1 - BHV;R01;15
V1805;G1;d. SEM RISCO;HVI3;R02;G1 - BHV;R02;15
V1805;G1;d. SEM RISCO;HVI3;R02;G1 - BHV;R03;15
V1805;G1;d. SEM RISCO;HVI3;R02;G1 - BHV;R04;15
V1805;G1;d. SEM RISCO;HVI3;R02;G1 - BHV;R05;15
V1805;G1;d. SEM RISCO;HVI3;R02;G1 - BHV;R06;15
V1805;G1;d. SEM RISCO;HVI3;R02;G1 - BHV;R07;15
V1805;G1;d. SEM RISCO;HVI3;R02;G1 - BHV;R08;15
V1805;G1;d. SEM RISCO;HVI3;R02;G1 - BHV;R09;15
V1805;G1;d. SEM RISCO;HVI3;R02;G1 - BHV;R10;15
V1805;G1;d. SEM RISCO;HVI3;R02;G1 - BHV;R11;15
V1805;G1;d. SEM RISCO;HVI3;R02;G1 - BHV;R12;15
V1805;G1;d. SEM RISCO;HVI3;R02;G1 - BHV;R13;15
V1805;G1;d. SEM RISCO;HVI3;R02;G1 - BHV;R14;15
V1805;G1;d. SEM RISCO;HVI3;R02;G1 - BHV;R15;15
V1805;G1;d. SEM RISCO;HVI3;R02;G1 - BHV;R16;15
V1805;G1;d. SEM RISCO;HVI3;R02;G1 - BHV;R17;15
V1805;G1;d. SEM RISCO;HVI3;R02;G1 - BHV;R18;15
V1805;G1;d. SEM RISCO;HVI3;R02;G1 - BHV;R19;15
V1805;G1;d. SEM RISCO;HVI3;R02;G1 - BHV;R20;15
V1805;G1;d. SEM RISCO;HVI3;R03;Restritivos;SEM RESTRITIVOS;15
V1805;G1;d. SEM RISCO;HVI3;R04;Restritivos;SEM RESTRITIVOS;15
V1805;G1;d. SEM RISCO;HVI3;R03;G1 - BHV;R01;15
V1805;G1;d. SEM RISCO;HVI3;R03;G1 - BHV;R02;15
V1805;G1;d. SEM RISCO;HVI3;R03;G1 - BHV;R03;15
V1805;G1;d. SEM RISCO;HVI3;R03;G1 - BHV;R04;15
V1805;G1;d. SEM RISCO;HVI3;R03;G1 - BHV;R05;15
V1805;G1;d. SEM RISCO;HVI3;R03;G1 - BHV;R06;15
V1805;G1;d. SEM RISCO;HVI3;R03;G1 - BHV;R07;15
V1805;G1;d. SEM RISCO;HVI3;R03;G1 - BHV;R08;15
V1805;G1;d. SEM RISCO;HVI3;R03;G1 - BHV;R09;15
V1805;G1;d. SEM RISCO;HVI3;R03;G1 - BHV;R10;15
V1805;G1;d. SEM RISCO;HVI3;R03;G1 - BHV;R11;15
V1805;G1;d. SEM RISCO;HVI3;R03;G1 - BHV;R12;15
V1805;G1;d. SEM RISCO;HVI3;R03;G1 - BHV;R13;15
V1805;G1;d. SEM RISCO;HVI3;R03;G1 - BHV;R14;15
V1805;G1;d. SEM RISCO;HVI3;R03;G1 - BHV;R15;15
V1805;G1;d. SEM RISCO;HVI3;R03;G1 - BHV;R16;15
V1805;G1;d. SEM RISCO;HVI3;R03;G1 - BHV;R17;15
V1805;G1;d. SEM RISCO;HVI3;R03;G1 - BHV;R18;15
V1805;G1;d. SEM RISCO;HVI3;R03;G1 - BHV;R19;15
V1805;G1;d. SEM RISCO;HVI3;R03;G1 - BHV;R20;15
V1805;G1;d. SEM RISCO;HVI3;R05;Restritivos;SEM RESTRITIVOS;15
V1805;G1;d. SEM RISCO;HVI3;R06;Restritivos;SEM RESTRITIVOS;15
V1805;G1;d. SEM RISCO;HVI3;R04;G1 - BHV;R01;15
V1805;G1;d. SEM RISCO;HVI3;R04;G1 - BHV;R02;15
V1805;G1;d. SEM RISCO;HVI3;R04;G1 - BHV;R03;15
V1805;G1;d. SEM RISCO;HVI3;R04;G1 - BHV;R04;15
V1805;G1;d. SEM RISCO;HVI3;R04;G1 - BHV;R05;15
V1805;G1;d. SEM RISCO;HVI3;R04;G1 - BHV;R06;15
V1805;G1;d. SEM RISCO;HVI3;R04;G1 - BHV;R07;15
V1805;G1;d. SEM RISCO;HVI3;R04;G1 - BHV;R08;15
V1805;G1;d. SEM RISCO;HVI3;R04;G1 - BHV;R09;15
V1805;G1;d. SEM RISCO;HVI3;R04;G1 - BHV;R10;15
V1805;G1;d. SEM RISCO;HVI3;R04;G1 - BHV;R11;15
V1805;G1;d. SEM RISCO;HVI3;R04;G1 - BHV;R12;15
V1805;G1;d. SEM RISCO;HVI3;R04;G1 - BHV;R13;15
V1805;G1;d. SEM RISCO;HVI3;R04;G1 - BHV;R14;15
V1805;G1;d. SEM RISCO;HVI3;R04;G1 - BHV;R15;15
V1805;G1;d. SEM RISCO;HVI3;R04;G1 - BHV;R16;15
V1805;G1;d. SEM RISCO;HVI3;R04;G1 - BHV;R17;15
V1805;G1;d. SEM RISCO;HVI3;R04;G1 - BHV;R18;15
V1805;G1;d. SEM RISCO;HVI3;R04;G1 - BHV;R19;15
V1805;G1;d. SEM RISCO;HVI3;R04;G1 - BHV;R20;15
V1805;G1;d. SEM RISCO;HVI3;R07;Restritivos;SEM RESTRITIVOS;15
V1805;G1;d. SEM RISCO;HVI3;R08;Restritivos;SEM RESTRITIVOS;15
V1805;G1;d. SEM RISCO;HVI3;R05;G1 - BHV;R01;15
V1805;G1;d. SEM RISCO;HVI3;R05;G1 - BHV;R02;15
V1805;G1;d. SEM RISCO;HVI3;R05;G1 - BHV;R03;15
V1805;G1;d. SEM RISCO;HVI3;R05;G1 - BHV;R04;15
V1805;G1;d. SEM RISCO;HVI3;R05;G1 - BHV;R05;15
V1805;G1;d. SEM RISCO;HVI3;R05;G1 - BHV;R06;15
V1805;G1;d. SEM RISCO;HVI3;R05;G1 - BHV;R07;15
V1805;G1;d. SEM RISCO;HVI3;R05;G1 - BHV;R08;15
V1805;G1;d. SEM RISCO;HVI3;R05;G1 - BHV;R09;15
V1805;G1;d. SEM RISCO;HVI3;R05;G1 - BHV;R10;15
V1805;G1;d. SEM RISCO;HVI3;R05;G1 - BHV;R11;15
V1805;G1;d. SEM RISCO;HVI3;R05;G1 - BHV;R12;15
V1805;G1;d. SEM RISCO;HVI3;R05;G1 - BHV;R13;15
V1805;G1;d. SEM RISCO;HVI3;R05;G1 - BHV;R14;15
V1805;G1;d. SEM RISCO;HVI3;R05;G1 - BHV;R15;15
V1805;G1;d. SEM RISCO;HVI3;R05;G1 - BHV;R16;15
V1805;G1;d. SEM RISCO;HVI3;R05;G1 - BHV;R17;15
V1805;G1;d. SEM RISCO;HVI3;R05;G1 - BHV;R18;15
V1805;G1;d. SEM RISCO;HVI3;R05;G1 - BHV;R19;15
V1805;G1;d. SEM RISCO;HVI3;R05;G1 - BHV;R20;15
V1805;G1;d. SEM RISCO;HVI3;R09;Restritivos;SEM RESTRITIVOS;12
V1805;G1;d. SEM RISCO;HVI3;R10;Restritivos;SEM RESTRITIVOS;12
V1805;G1;d. SEM RISCO;HVI3;R06;G1 - BHV;R01;15
V1805;G1;d. SEM RISCO;HVI3;R06;G1 - BHV;R02;15
V1805;G1;d. SEM RISCO;HVI3;R06;G1 - BHV;R03;15
V1805;G1;d. SEM RISCO;HVI3;R06;G1 - BHV;R04;15
V1805;G1;d. SEM RISCO;HVI3;R06;G1 - BHV;R05;15
V1805;G1;d. SEM RISCO;HVI3;R06;G1 - BHV;R06;15
V1805;G1;d. SEM RISCO;HVI3;R06;G1 - BHV;R07;15
V1805;G1;d. SEM RISCO;HVI3;R06;G1 - BHV;R08;15
V1805;G1;d. SEM RISCO;HVI3;R06;G1 - BHV;R09;15
V1805;G1;d. SEM RISCO;HVI3;R06;G1 - BHV;R10;15
V1805;G1;d. SEM RISCO;HVI3;R06;G1 - BHV;R11;15
V1805;G1;d. SEM RISCO;HVI3;R06;G1 - BHV;R12;15
V1805;G1;d. SEM RISCO;HVI3;R06;G1 - BHV;R13;15
V1805;G1;d. SEM RISCO;HVI3;R06;G1 - BHV;R14;15
V1805;G1;d. SEM RISCO;HVI3;R06;G1 - BHV;R15;15
V1805;G1;d. SEM RISCO;HVI3;R06;G1 - BHV;R16;15
V1805;G1;d. SEM RISCO;HVI3;R06;G1 - BHV;R17;12
V1805;G1;d. SEM RISCO;HVI3;R06;G1 - BHV;R18;12
V1805;G1;d. SEM RISCO;HVI3;R06;G1 - BHV;R19;12
V1805;G1;d. SEM RISCO;HVI3;R06;G1 - BHV;R20;12
V1805;G1;d. SEM RISCO;HVI3;R11;Restritivos;SEM RESTRITIVOS;8
V1805;G1;d. SEM RISCO;HVI3;R12;Restritivos;SEM RESTRITIVOS;8
V1805;G1;d. SEM RISCO;HVI3;R07;G1 - BHV;R01;15
V1805;G1;d. SEM RISCO;HVI3;R07;G1 - BHV;R02;15
V1805;G1;d. SEM RISCO;HVI3;R07;G1 - BHV;R03;15
V1805;G1;d. SEM RISCO;HVI3;R07;G1 - BHV;R04;15
V1805;G1;d. SEM RISCO;HVI3;R07;G1 - BHV;R05;15
V1805;G1;d. SEM RISCO;HVI3;R07;G1 - BHV;R06;15
V1805;G1;d. SEM RISCO;HVI3;R07;G1 - BHV;R07;15
V1805;G1;d. SEM RISCO;HVI3;R07;G1 - BHV;R08;15
V1805;G1;d. SEM RISCO;HVI3;R07;G1 - BHV;R09;15
V1805;G1;d. SEM RISCO;HVI3;R07;G1 - BHV;R10;15
V1805;G1;d. SEM RISCO;HVI3;R07;G1 - BHV;R11;15
V1805;G1;d. SEM RISCO;HVI3;R07;G1 - BHV;R12;15
V1805;G1;d. SEM RISCO;HVI3;R07;G1 - BHV;R13;15
V1805;G1;d. SEM RISCO;HVI3;R07;G1 - BHV;R14;15
V1805;G1;d. SEM RISCO;HVI3;R07;G1 - BHV;R15;15
V1805;G1;d. SEM RISCO;HVI3;R07;G1 - BHV;R16;15
V1805;G1;d. SEM RISCO;HVI3;R07;G1 - BHV;R17;12
V1805;G1;d. SEM RISCO;HVI3;R07;G1 - BHV;R18;12
V1805;G1;d. SEM RISCO;HVI3;R07;G1 - BHV;R19;12
V1805;G1;d. SEM RISCO;HVI3;R07;G1 - BHV;R20;12
V1805;G1;d. SEM RISCO;HVI3;R13;Restritivos;SEM RESTRITIVOS;8
V1805;G1;d. SEM RISCO;HVI3;R14;Restritivos;SEM RESTRITIVOS;8
V1805;G1;d. SEM RISCO;HVI3;R08;G1 - BHV;R01;15
V1805;G1;d. SEM RISCO;HVI3;R08;G1 - BHV;R02;15
V1805;G1;d. SEM RISCO;HVI3;R08;G1 - BHV;R03;15
V1805;G1;d. SEM RISCO;HVI3;R08;G1 - BHV;R04;15
V1805;G1;d. SEM RISCO;HVI3;R08;G1 - BHV;R05;15
V1805;G1;d. SEM RISCO;HVI3;R08;G1 - BHV;R06;15
V1805;G1;d. SEM RISCO;HVI3;R08;G1 - BHV;R07;15
V1805;G1;d. SEM RISCO;HVI3;R08;G1 - BHV;R08;15
V1805;G1;d. SEM RISCO;HVI3;R08;G1 - BHV;R09;15
V1805;G1;d. SEM RISCO;HVI3;R08;G1 - BHV;R10;15
V1805;G1;d. SEM RISCO;HVI3;R08;G1 - BHV;R11;15
V1805;G1;d. SEM RISCO;HVI3;R08;G1 - BHV;R12;15
V1805;G1;d. SEM RISCO;HVI3;R08;G1 - BHV;R13;12
V1805;G1;d. SEM RISCO;HVI3;R08;G1 - BHV;R14;12
V1805;G1;d. SEM RISCO;HVI3;R08;G1 - BHV;R15;12
V1805;G1;d. SEM RISCO;HVI3;R08;G1 - BHV;R16;12
V1805;G1;d. SEM RISCO;HVI3;R08;G1 - BHV;R17;12
V1805;G1;d. SEM RISCO;HVI3;R08;G1 - BHV;R18;12
V1805;G1;d. SEM RISCO;HVI3;R08;G1 - BHV;R19;12
V1805;G1;d. SEM RISCO;HVI3;R08;G1 - BHV;R20;12
V1805;G1;d. SEM RISCO;HVI3;R15;Restritivos;SEM RESTRITIVOS;5
V1805;G1;d. SEM RISCO;HVI3;R16;Restritivos;SEM RESTRITIVOS;5
V1805;G1;d. SEM RISCO;HVI3;R09;G1 - BHV;R01;15
V1805;G1;d. SEM RISCO;HVI3;R09;G1 - BHV;R02;15
V1805;G1;d. SEM RISCO;HVI3;R09;G1 - BHV;R03;15
V1805;G1;d. SEM RISCO;HVI3;R09;G1 - BHV;R04;15
V1805;G1;d. SEM RISCO;HVI3;R09;G1 - BHV;R05;15
V1805;G1;d. SEM RISCO;HVI3;R09;G1 - BHV;R06;15
V1805;G1;d. SEM RISCO;HVI3;R09;G1 - BHV;R07;15
V1805;G1;d. SEM RISCO;HVI3;R09;G1 - BHV;R08;15
V1805;G1;d. SEM RISCO;HVI3;R09;G1 - BHV;R09;15
V1805;G1;d. SEM RISCO;HVI3;R09;G1 - BHV;R10;15
V1805;G1;d. SEM RISCO;HVI3;R09;G1 - BHV;R11;15
V1805;G1;d. SEM RISCO;HVI3;R09;G1 - BHV;R12;15
V1805;G1;d. SEM RISCO;HVI3;R09;G1 - BHV;R13;12
V1805;G1;d. SEM RISCO;HVI3;R09;G1 - BHV;R14;12
V1805;G1;d. SEM RISCO;HVI3;R09;G1 - BHV;R15;12
V1805;G1;d. SEM RISCO;HVI3;R09;G1 - BHV;R16;12
V1805;G1;d. SEM RISCO;HVI3;R09;G1 - BHV;R17;12
V1805;G1;d. SEM RISCO;HVI3;R09;G1 - BHV;R18;12
V1805;G1;d. SEM RISCO;HVI3;R09;G1 - BHV;R19;12
V1805;G1;d. SEM RISCO;HVI3;R09;G1 - BHV;R20;12
V1805;G1;d. SEM RISCO;HVI3;R17;Restritivos;SEM RESTRITIVOS;5
V1805;G1;d. SEM RISCO;HVI3;R18;Restritivos;SEM RESTRITIVOS;5
V1805;G1;d. SEM RISCO;HVI3;R10;G1 - BHV;R01;15
V1805;G1;d. SEM RISCO;HVI3;R10;G1 - BHV;R02;15
V1805;G1;d. SEM RISCO;HVI3;R10;G1 - BHV;R03;15
V1805;G1;d. SEM RISCO;HVI3;R10;G1 - BHV;R04;15
V1805;G1;d. SEM RISCO;HVI3;R10;G1 - BHV;R05;15
V1805;G1;d. SEM RISCO;HVI3;R10;G1 - BHV;R06;15
V1805;G1;d. SEM RISCO;HVI3;R10;G1 - BHV;R07;15
V1805;G1;d. SEM RISCO;HVI3;R10;G1 - BHV;R08;15
V1805;G1;d. SEM RISCO;HVI3;R10;G1 - BHV;R09;12
V1805;G1;d. SEM RISCO;HVI3;R10;G1 - BHV;R10;12
V1805;G1;d. SEM RISCO;HVI3;R10;G1 - BHV;R11;12
V1805;G1;d. SEM RISCO;HVI3;R10;G1 - BHV;R12;12
V1805;G1;d. SEM RISCO;HVI3;R10;G1 - BHV;R13;12
V1805;G1;d. SEM RISCO;HVI3;R10;G1 - BHV;R14;12
V1805;G1;d. SEM RISCO;HVI3;R10;G1 - BHV;R15;12
V1805;G1;d. SEM RISCO;HVI3;R10;G1 - BHV;R16;12
V1805;G1;d. SEM RISCO;HVI3;R10;G1 - BHV;R17;12
V1805;G1;d. SEM RISCO;HVI3;R10;G1 - BHV;R18;12
V1805;G1;d. SEM RISCO;HVI3;R10;G1 - BHV;R19;12
V1805;G1;d. SEM RISCO;HVI3;R10;G1 - BHV;R20;12
V1805;G1;d. SEM RISCO;HVI3;R19;Restritivos;SEM RESTRITIVOS;5
V1805;G1;d. SEM RISCO;HVI3;R20;Restritivos;SEM RESTRITIVOS;5
V1805;G1;d. SEM RISCO;HVI3;R11;G1 - BHV;R01;15
V1805;G1;d. SEM RISCO;HVI3;R11;G1 - BHV;R02;15
V1805;G1;d. SEM RISCO;HVI3;R11;G1 - BHV;R03;15
V1805;G1;d. SEM RISCO;HVI3;R11;G1 - BHV;R04;15
V1805;G1;d. SEM RISCO;HVI3;R11;G1 - BHV;R05;12
V1805;G1;d. SEM RISCO;HVI3;R11;G1 - BHV;R06;12
V1805;G1;d. SEM RISCO;HVI3;R11;G1 - BHV;R07;12
V1805;G1;d. SEM RISCO;HVI3;R11;G1 - BHV;R08;12
V1805;G1;d. SEM RISCO;HVI3;R11;G1 - BHV;R09;12
V1805;G1;d. SEM RISCO;HVI3;R11;G1 - BHV;R10;12
V1805;G1;d. SEM RISCO;HVI3;R11;G1 - BHV;R11;12
V1805;G1;d. SEM RISCO;HVI3;R11;G1 - BHV;R12;12
V1805;G1;d. SEM RISCO;HVI3;R11;G1 - BHV;R13;12
V1805;G1;d. SEM RISCO;HVI3;R11;G1 - BHV;R14;12
V1805;G1;d. SEM RISCO;HVI3;R11;G1 - BHV;R15;12
V1805;G1;d. SEM RISCO;HVI3;R11;G1 - BHV;R16;12
V1805;G1;d. SEM RISCO;HVI3;R11;G1 - BHV;R17;12
V1805;G1;d. SEM RISCO;HVI3;R11;G1 - BHV;R18;12
V1805;G1;d. SEM RISCO;HVI3;R11;G1 - BHV;R19;12
V1805;G1;d. SEM RISCO;HVI3;R11;G1 - BHV;R20;12
V1805;G1;d. SEM RISCO;HVI3;R99;Restritivos;SEM RESTRITIVOS;0
V1805;G3;c.RISCO ALTO;HVI3;R01;Restritivos;SEM RESTRITIVOS;15
V1805;G1;d. SEM RISCO;HVI3;R12;G1 - BHV;R01;15
V1805;G1;d. SEM RISCO;HVI3;R12;G1 - BHV;R02;15
V1805;G1;d. SEM RISCO;HVI3;R12;G1 - BHV;R03;15
V1805;G1;d. SEM RISCO;HVI3;R12;G1 - BHV;R04;15
V1805;G1;d. SEM RISCO;HVI3;R12;G1 - BHV;R05;12
V1805;G1;d. SEM RISCO;HVI3;R12;G1 - BHV;R06;12
V1805;G1;d. SEM RISCO;HVI3;R12;G1 - BHV;R07;12
V1805;G1;d. SEM RISCO;HVI3;R12;G1 - BHV;R08;12
V1805;G1;d. SEM RISCO;HVI3;R12;G1 - BHV;R09;12
V1805;G1;d. SEM RISCO;HVI3;R12;G1 - BHV;R10;12
V1805;G1;d. SEM RISCO;HVI3;R12;G1 - BHV;R11;12
V1805;G1;d. SEM RISCO;HVI3;R12;G1 - BHV;R12;12
V1805;G1;d. SEM RISCO;HVI3;R12;G1 - BHV;R13;12
V1805;G1;d. SEM RISCO;HVI3;R12;G1 - BHV;R14;12
V1805;G1;d. SEM RISCO;HVI3;R12;G1 - BHV;R15;12
V1805;G1;d. SEM RISCO;HVI3;R12;G1 - BHV;R16;12
V1805;G1;d. SEM RISCO;HVI3;R12;G1 - BHV;R17;12
V1805;G1;d. SEM RISCO;HVI3;R12;G1 - BHV;R18;12
V1805;G1;d. SEM RISCO;HVI3;R12;G1 - BHV;R19;12
V1805;G1;d. SEM RISCO;HVI3;R12;G1 - BHV;R20;12
V1805;G3;a.RISCO BAIXO;HVI3;R01;Restritivos;SEM RESTRITIVOS;15
V1805;G3;b.RISCO NEUTRO;HVI3;R01;Restritivos;SEM RESTRITIVOS;15
V1805;G1;d. SEM RISCO;HVI3;R13;G1 - BHV;R01;12
V1805;G1;d. SEM RISCO;HVI3;R13;G1 - BHV;R02;12
V1805;G1;d. SEM RISCO;HVI3;R13;G1 - BHV;R03;12
V1805;G1;d. SEM RISCO;HVI3;R13;G1 - BHV;R04;12
V1805;G1;d. SEM RISCO;HVI3;R13;G1 - BHV;R05;12
V1805;G1;d. SEM RISCO;HVI3;R13;G1 - BHV;R06;12
V1805;G1;d. SEM RISCO;HVI3;R13;G1 - BHV;R07;12
V1805;G1;d. SEM RISCO;HVI3;R13;G1 - BHV;R08;12
V1805;G1;d. SEM RISCO;HVI3;R13;G1 - BHV;R09;12
V1805;G1;d. SEM RISCO;HVI3;R13;G1 - BHV;R10;12
V1805;G1;d. SEM RISCO;HVI3;R13;G1 - BHV;R11;12
V1805;G1;d. SEM RISCO;HVI3;R13;G1 - BHV;R12;12
V1805;G1;d. SEM RISCO;HVI3;R13;G1 - BHV;R13;12
V1805;G1;d. SEM RISCO;HVI3;R13;G1 - BHV;R14;12
V1805;G1;d. SEM RISCO;HVI3;R13;G1 - BHV;R15;12
V1805;G1;d. SEM RISCO;HVI3;R13;G1 - BHV;R16;12
V1805;G1;d. SEM RISCO;HVI3;R13;G1 - BHV;R17;12
V1805;G1;d. SEM RISCO;HVI3;R13;G1 - BHV;R18;12
V1805;G1;d. SEM RISCO;HVI3;R13;G1 - BHV;R19;12
V1805;G1;d. SEM RISCO;HVI3;R13;G1 - BHV;R20;12
V1805;G3;a.RISCO BAIXO;HVI3;R02;Restritivos;SEM RESTRITIVOS;15
V1805;G3;c.RISCO ALTO;HVI3;R02;Restritivos;SEM RESTRITIVOS;15
V1805;G1;d. SEM RISCO;HVI3;R14;G1 - BHV;R01;12
V1805;G1;d. SEM RISCO;HVI3;R14;G1 - BHV;R02;12
V1805;G1;d. SEM RISCO;HVI3;R14;G1 - BHV;R03;12
V1805;G1;d. SEM RISCO;HVI3;R14;G1 - BHV;R04;12
V1805;G1;d. SEM RISCO;HVI3;R14;G1 - BHV;R05;12
V1805;G1;d. SEM RISCO;HVI3;R14;G1 - BHV;R06;12
V1805;G1;d. SEM RISCO;HVI3;R14;G1 - BHV;R07;12
V1805;G1;d. SEM RISCO;HVI3;R14;G1 - BHV;R08;12
V1805;G1;d. SEM RISCO;HVI3;R14;G1 - BHV;R09;12
V1805;G1;d. SEM RISCO;HVI3;R14;G1 - BHV;R10;12
V1805;G1;d. SEM RISCO;HVI3;R14;G1 - BHV;R11;12
V1805;G1;d. SEM RISCO;HVI3;R14;G1 - BHV;R12;12
V1805;G1;d. SEM RISCO;HVI3;R14;G1 - BHV;R13;12
V1805;G1;d. SEM RISCO;HVI3;R14;G1 - BHV;R14;12
V1805;G1;d. SEM RISCO;HVI3;R14;G1 - BHV;R15;12
V1805;G1;d. SEM RISCO;HVI3;R14;G1 - BHV;R16;12
V1805;G1;d. SEM RISCO;HVI3;R14;G1 - BHV;R17;12
V1805;G1;d. SEM RISCO;HVI3;R14;G1 - BHV;R18;12
V1805;G1;d. SEM RISCO;HVI3;R14;G1 - BHV;R19;12
V1805;G1;d. SEM RISCO;HVI3;R14;G1 - BHV;R20;12
V1805;G3;b.RISCO NEUTRO;HVI3;R02;Restritivos;SEM RESTRITIVOS;15
V1805;G3;b.RISCO NEUTRO;HVI3;R03;Restritivos;SEM RESTRITIVOS;15
V1805;G1;d. SEM RISCO;HVI3;R15;G1 - BHV;R01;12
V1805;G1;d. SEM RISCO;HVI3;R15;G1 - BHV;R02;12
V1805;G1;d. SEM RISCO;HVI3;R15;G1 - BHV;R03;12
V1805;G1;d. SEM RISCO;HVI3;R15;G1 - BHV;R04;12
V1805;G1;d. SEM RISCO;HVI3;R15;G1 - BHV;R05;12
V1805;G1;d. SEM RISCO;HVI3;R15;G1 - BHV;R06;12
V1805;G1;d. SEM RISCO;HVI3;R15;G1 - BHV;R07;12
V1805;G1;d. SEM RISCO;HVI3;R15;G1 - BHV;R08;12
V1805;G1;d. SEM RISCO;HVI3;R15;G1 - BHV;R09;12
V1805;G1;d. SEM RISCO;HVI3;R15;G1 - BHV;R10;12
V1805;G1;d. SEM RISCO;HVI3;R15;G1 - BHV;R11;12
V1805;G1;d. SEM RISCO;HVI3;R15;G1 - BHV;R12;12
V1805;G1;d. SEM RISCO;HVI3;R15;G1 - BHV;R13;12
V1805;G1;d. SEM RISCO;HVI3;R15;G1 - BHV;R14;12
V1805;G1;d. SEM RISCO;HVI3;R15;G1 - BHV;R15;12
V1805;G1;d. SEM RISCO;HVI3;R15;G1 - BHV;R16;12
V1805;G1;d. SEM RISCO;HVI3;R15;G1 - BHV;R17;12
V1805;G1;d. SEM RISCO;HVI3;R15;G1 - BHV;R18;12
V1805;G1;d. SEM RISCO;HVI3;R15;G1 - BHV;R19;12
V1805;G1;d. SEM RISCO;HVI3;R15;G1 - BHV;R20;12
V1805;G3;a.RISCO BAIXO;HVI3;R03;Restritivos;SEM RESTRITIVOS;15
V1805;G3;c.RISCO ALTO;HVI3;R03;Restritivos;SEM RESTRITIVOS;15
V1805;G1;d. SEM RISCO;HVI3;R16;G1 - BHV;R01;12
V1805;G1;d. SEM RISCO;HVI3;R16;G1 - BHV;R02;12
V1805;G1;d. SEM RISCO;HVI3;R16;G1 - BHV;R03;12
V1805;G1;d. SEM RISCO;HVI3;R16;G1 - BHV;R04;12
V1805;G1;d. SEM RISCO;HVI3;R16;G1 - BHV;R05;12
V1805;G1;d. SEM RISCO;HVI3;R16;G1 - BHV;R06;12
V1805;G1;d. SEM RISCO;HVI3;R16;G1 - BHV;R07;12
V1805;G1;d. SEM RISCO;HVI3;R16;G1 - BHV;R08;12
V1805;G1;d. SEM RISCO;HVI3;R16;G1 - BHV;R09;12
V1805;G1;d. SEM RISCO;HVI3;R16;G1 - BHV;R10;12
V1805;G1;d. SEM RISCO;HVI3;R16;G1 - BHV;R11;12
V1805;G1;d. SEM RISCO;HVI3;R16;G1 - BHV;R12;12
V1805;G1;d. SEM RISCO;HVI3;R16;G1 - BHV;R13;12
V1805;G1;d. SEM RISCO;HVI3;R16;G1 - BHV;R14;12
V1805;G1;d. SEM RISCO;HVI3;R16;G1 - BHV;R15;12
V1805;G1;d. SEM RISCO;HVI3;R16;G1 - BHV;R16;12
V1805;G1;d. SEM RISCO;HVI3;R16;G1 - BHV;R17;12
V1805;G1;d. SEM RISCO;HVI3;R16;G1 - BHV;R18;12
V1805;G1;d. SEM RISCO;HVI3;R16;G1 - BHV;R19;12
V1805;G1;d. SEM RISCO;HVI3;R16;G1 - BHV;R20;12
V1805;G3;c.RISCO ALTO;HVI3;R04;Restritivos;SEM RESTRITIVOS;15
V1805;G3;a.RISCO BAIXO;HVI3;R04;Restritivos;SEM RESTRITIVOS;15
V1805;G1;d. SEM RISCO;HVI3;R17;G1 - BHV;R01;12
V1805;G1;d. SEM RISCO;HVI3;R17;G1 - BHV;R02;12
V1805;G1;d. SEM RISCO;HVI3;R17;G1 - BHV;R03;12
V1805;G1;d. SEM RISCO;HVI3;R17;G1 - BHV;R04;12
V1805;G1;d. SEM RISCO;HVI3;R17;G1 - BHV;R05;12
V1805;G1;d. SEM RISCO;HVI3;R17;G1 - BHV;R06;12
V1805;G1;d. SEM RISCO;HVI3;R17;G1 - BHV;R07;12
V1805;G1;d. SEM RISCO;HVI3;R17;G1 - BHV;R08;12
V1805;G1;d. SEM RISCO;HVI3;R17;G1 - BHV;R09;12
V1805;G1;d. SEM RISCO;HVI3;R17;G1 - BHV;R10;12
V1805;G1;d. SEM RISCO;HVI3;R17;G1 - BHV;R11;12
V1805;G1;d. SEM RISCO;HVI3;R17;G1 - BHV;R12;12
V1805;G1;d. SEM RISCO;HVI3;R17;G1 - BHV;R13;12
V1805;G1;d. SEM RISCO;HVI3;R17;G1 - BHV;R14;12
V1805;G1;d. SEM RISCO;HVI3;R17;G1 - BHV;R15;12
V1805;G1;d. SEM RISCO;HVI3;R17;G1 - BHV;R16;12
V1805;G1;d. SEM RISCO;HVI3;R17;G1 - BHV;R17;12
V1805;G1;d. SEM RISCO;HVI3;R17;G1 - BHV;R18;12
V1805;G1;d. SEM RISCO;HVI3;R17;G1 - BHV;R19;12
V1805;G1;d. SEM RISCO;HVI3;R17;G1 - BHV;R20;12
V1805;G3;b.RISCO NEUTRO;HVI3;R04;Restritivos;SEM RESTRITIVOS;15
V1805;G3;c.RISCO ALTO;HVI3;R05;Restritivos;SEM RESTRITIVOS;15
V1805;G1;d. SEM RISCO;HVI3;R18;G1 - BHV;R01;12
V1805;G1;d. SEM RISCO;HVI3;R18;G1 - BHV;R02;12
V1805;G1;d. SEM RISCO;HVI3;R18;G1 - BHV;R03;12
V1805;G1;d. SEM RISCO;HVI3;R18;G1 - BHV;R04;12
V1805;G1;d. SEM RISCO;HVI3;R18;G1 - BHV;R05;12
V1805;G1;d. SEM RISCO;HVI3;R18;G1 - BHV;R06;12
V1805;G1;d. SEM RISCO;HVI3;R18;G1 - BHV;R07;12
V1805;G1;d. SEM RISCO;HVI3;R18;G1 - BHV;R08;12
V1805;G1;d. SEM RISCO;HVI3;R18;G1 - BHV;R09;12
V1805;G1;d. SEM RISCO;HVI3;R18;G1 - BHV;R10;12
V1805;G1;d. SEM RISCO;HVI3;R18;G1 - BHV;R11;12
V1805;G1;d. SEM RISCO;HVI3;R18;G1 - BHV;R12;12
V1805;G1;d. SEM RISCO;HVI3;R18;G1 - BHV;R13;12
V1805;G1;d. SEM RISCO;HVI3;R18;G1 - BHV;R14;12
V1805;G1;d. SEM RISCO;HVI3;R18;G1 - BHV;R15;12
V1805;G1;d. SEM RISCO;HVI3;R18;G1 - BHV;R16;12
V1805;G1;d. SEM RISCO;HVI3;R18;G1 - BHV;R17;12
V1805;G1;d. SEM RISCO;HVI3;R18;G1 - BHV;R18;12
V1805;G1;d. SEM RISCO;HVI3;R18;G1 - BHV;R19;12
V1805;G1;d. SEM RISCO;HVI3;R18;G1 - BHV;R20;12
V1805;G3;a.RISCO BAIXO;HVI3;R05;Restritivos;SEM RESTRITIVOS;15
V1805;G3;b.RISCO NEUTRO;HVI3;R05;Restritivos;SEM RESTRITIVOS;15
V1805;G1;d. SEM RISCO;HVI3;R19;G1 - BHV;R01;12
V1805;G1;d. SEM RISCO;HVI3;R19;G1 - BHV;R02;12
V1805;G1;d. SEM RISCO;HVI3;R19;G1 - BHV;R03;12
V1805;G1;d. SEM RISCO;HVI3;R19;G1 - BHV;R04;12
V1805;G1;d. SEM RISCO;HVI3;R19;G1 - BHV;R05;12
V1805;G1;d. SEM RISCO;HVI3;R19;G1 - BHV;R06;12
V1805;G1;d. SEM RISCO;HVI3;R19;G1 - BHV;R07;12
V1805;G1;d. SEM RISCO;HVI3;R19;G1 - BHV;R08;12
V1805;G1;d. SEM RISCO;HVI3;R19;G1 - BHV;R09;12
V1805;G1;d. SEM RISCO;HVI3;R19;G1 - BHV;R10;12
V1805;G1;d. SEM RISCO;HVI3;R19;G1 - BHV;R11;12
V1805;G1;d. SEM RISCO;HVI3;R19;G1 - BHV;R12;12
V1805;G1;d. SEM RISCO;HVI3;R19;G1 - BHV;R13;12
V1805;G1;d. SEM RISCO;HVI3;R19;G1 - BHV;R14;12
V1805;G1;d. SEM RISCO;HVI3;R19;G1 - BHV;R15;12
V1805;G1;d. SEM RISCO;HVI3;R19;G1 - BHV;R16;12
V1805;G1;d. SEM RISCO;HVI3;R19;G1 - BHV;R17;12
V1805;G1;d. SEM RISCO;HVI3;R19;G1 - BHV;R18;12
V1805;G1;d. SEM RISCO;HVI3;R19;G1 - BHV;R19;12
V1805;G1;d. SEM RISCO;HVI3;R19;G1 - BHV;R20;12
V1805;G3;c.RISCO ALTO;HVI3;R06;Restritivos;SEM RESTRITIVOS;15
V1805;G3;b.RISCO NEUTRO;HVI3;R06;Restritivos;SEM RESTRITIVOS;15
V1805;G1;d. SEM RISCO;HVI3;R20;G1 - BHV;R01;12
V1805;G1;d. SEM RISCO;HVI3;R20;G1 - BHV;R02;12
V1805;G1;d. SEM RISCO;HVI3;R20;G1 - BHV;R03;12
V1805;G1;d. SEM RISCO;HVI3;R20;G1 - BHV;R04;12
V1805;G1;d. SEM RISCO;HVI3;R20;G1 - BHV;R05;12
V1805;G1;d. SEM RISCO;HVI3;R20;G1 - BHV;R06;12
V1805;G1;d. SEM RISCO;HVI3;R20;G1 - BHV;R07;12
V1805;G1;d. SEM RISCO;HVI3;R20;G1 - BHV;R08;12
V1805;G1;d. SEM RISCO;HVI3;R20;G1 - BHV;R09;12
V1805;G1;d. SEM RISCO;HVI3;R20;G1 - BHV;R10;12
V1805;G1;d. SEM RISCO;HVI3;R20;G1 - BHV;R11;12
V1805;G1;d. SEM RISCO;HVI3;R20;G1 - BHV;R12;12
V1805;G1;d. SEM RISCO;HVI3;R20;G1 - BHV;R13;12
V1805;G1;d. SEM RISCO;HVI3;R20;G1 - BHV;R14;12
V1805;G1;d. SEM RISCO;HVI3;R20;G1 - BHV;R15;12
V1805;G1;d. SEM RISCO;HVI3;R20;G1 - BHV;R16;12
V1805;G1;d. SEM RISCO;HVI3;R20;G1 - BHV;R17;12
V1805;G1;d. SEM RISCO;HVI3;R20;G1 - BHV;R18;12
V1805;G1;d. SEM RISCO;HVI3;R20;G1 - BHV;R19;12
V1805;G1;d. SEM RISCO;HVI3;R20;G1 - BHV;R20;12
V1805;G3;a.RISCO BAIXO;HVI3;R06;Restritivos;SEM RESTRITIVOS;15
V1805;G3;a.RISCO BAIXO;HVI3;R07;Restritivos;SEM RESTRITIVOS;15
V1805;G1;d. SEM RISCO;HVI3;R99;G1 - BHV;R01;12
V1805;G1;d. SEM RISCO;HVI3;R99;G1 - BHV;R02;12
V1805;G1;d. SEM RISCO;HVI3;R99;G1 - BHV;R03;12
V1805;G1;d. SEM RISCO;HVI3;R99;G1 - BHV;R04;12
V1805;G1;d. SEM RISCO;HVI3;R99;G1 - BHV;R05;12
V1805;G1;d. SEM RISCO;HVI3;R99;G1 - BHV;R06;12
V1805;G1;d. SEM RISCO;HVI3;R99;G1 - BHV;R07;12
V1805;G1;d. SEM RISCO;HVI3;R99;G1 - BHV;R08;12
V1805;G1;d. SEM RISCO;HVI3;R99;G1 - BHV;R09;12
V1805;G1;d. SEM RISCO;HVI3;R99;G1 - BHV;R10;12
V1805;G1;d. SEM RISCO;HVI3;R99;G1 - BHV;R11;12
V1805;G1;d. SEM RISCO;HVI3;R99;G1 - BHV;R12;12
V1805;G1;d. SEM RISCO;HVI3;R99;G1 - BHV;R13;12
V1805;G1;d. SEM RISCO;HVI3;R99;G1 - BHV;R14;12
V1805;G1;d. SEM RISCO;HVI3;R99;G1 - BHV;R15;12
V1805;G1;d. SEM RISCO;HVI3;R99;G1 - BHV;R16;12
V1805;G1;d. SEM RISCO;HVI3;R99;G1 - BHV;R17;12
V1805;G1;d. SEM RISCO;HVI3;R99;G1 - BHV;R18;12
V1805;G1;d. SEM RISCO;HVI3;R99;G1 - BHV;R19;12
V1805;G1;d. SEM RISCO;HVI3;R99;G1 - BHV;R20;12
V1805;G3;b.RISCO NEUTRO;HVI3;R07;Restritivos;SEM RESTRITIVOS;15
V1805;G3;c.RISCO ALTO;HVI3;R07;Restritivos;SEM RESTRITIVOS;15
V1805;G2;d. SEM RISCO;HVI3;R01;G1 - BHV;R01;15
V1805;G2;d. SEM RISCO;HVI3;R01;G1 - BHV;R02;15
V1805;G2;d. SEM RISCO;HVI3;R01;G1 - BHV;R03;15
V1805;G2;d. SEM RISCO;HVI3;R01;G1 - BHV;R04;15
V1805;G2;d. SEM RISCO;HVI3;R01;G1 - BHV;R05;15
V1805;G2;d. SEM RISCO;HVI3;R01;G1 - BHV;R06;15
V1805;G2;d. SEM RISCO;HVI3;R01;G1 - BHV;R07;15
V1805;G2;d. SEM RISCO;HVI3;R01;G1 - BHV;R08;15
V1805;G2;d. SEM RISCO;HVI3;R01;G1 - BHV;R09;15
V1805;G2;d. SEM RISCO;HVI3;R01;G1 - BHV;R10;15
V1805;G2;d. SEM RISCO;HVI3;R01;G1 - BHV;R11;15
V1805;G2;d. SEM RISCO;HVI3;R01;G1 - BHV;R12;15
V1805;G2;d. SEM RISCO;HVI3;R01;G1 - BHV;R13;15
V1805;G2;d. SEM RISCO;HVI3;R01;G1 - BHV;R14;15
V1805;G2;d. SEM RISCO;HVI3;R01;G1 - BHV;R15;15
V1805;G2;d. SEM RISCO;HVI3;R01;G1 - BHV;R16;15
V1805;G2;d. SEM RISCO;HVI3;R01;G1 - BHV;R17;15
V1805;G2;d. SEM RISCO;HVI3;R01;G1 - BHV;R18;15
V1805;G2;d. SEM RISCO;HVI3;R01;G1 - BHV;R19;15
V1805;G2;d. SEM RISCO;HVI3;R01;G1 - BHV;R20;15
V1805;G2;d. SEM RISCO;HVI3;R02;G1 - BHV;R01;15
V1805;G2;d. SEM RISCO;HVI3;R02;G1 - BHV;R02;15
V1805;G2;d. SEM RISCO;HVI3;R02;G1 - BHV;R03;15
V1805;G2;d. SEM RISCO;HVI3;R02;G1 - BHV;R04;15
V1805;G2;d. SEM RISCO;HVI3;R02;G1 - BHV;R05;15
V1805;G2;d. SEM RISCO;HVI3;R02;G1 - BHV;R06;15
V1805;G2;d. SEM RISCO;HVI3;R02;G1 - BHV;R07;15
V1805;G2;d. SEM RISCO;HVI3;R02;G1 - BHV;R08;15
V1805;G2;d. SEM RISCO;HVI3;R02;G1 - BHV;R09;15
V1805;G2;d. SEM RISCO;HVI3;R02;G1 - BHV;R10;15
V1805;G2;d. SEM RISCO;HVI3;R02;G1 - BHV;R11;15
V1805;G2;d. SEM RISCO;HVI3;R02;G1 - BHV;R12;15
V1805;G2;d. SEM RISCO;HVI3;R02;G1 - BHV;R13;15
V1805;G2;d. SEM RISCO;HVI3;R02;G1 - BHV;R14;15
V1805;G2;d. SEM RISCO;HVI3;R02;G1 - BHV;R15;15
V1805;G2;d. SEM RISCO;HVI3;R02;G1 - BHV;R16;15
V1805;G2;d. SEM RISCO;HVI3;R02;G1 - BHV;R17;15
V1805;G2;d. SEM RISCO;HVI3;R02;G1 - BHV;R18;15
V1805;G2;d. SEM RISCO;HVI3;R02;G1 - BHV;R19;15
V1805;G2;d. SEM RISCO;HVI3;R02;G1 - BHV;R20;15
V1805;G2;d. SEM RISCO;HVI3;R03;G1 - BHV;R01;15
V1805;G2;d. SEM RISCO;HVI3;R03;G1 - BHV;R02;15
V1805;G2;d. SEM RISCO;HVI3;R03;G1 - BHV;R03;15
V1805;G2;d. SEM RISCO;HVI3;R03;G1 - BHV;R04;15
V1805;G2;d. SEM RISCO;HVI3;R03;G1 - BHV;R05;15
V1805;G2;d. SEM RISCO;HVI3;R03;G1 - BHV;R06;15
V1805;G2;d. SEM RISCO;HVI3;R03;G1 - BHV;R07;15
V1805;G2;d. SEM RISCO;HVI3;R03;G1 - BHV;R08;15
V1805;G2;d. SEM RISCO;HVI3;R03;G1 - BHV;R09;15
V1805;G2;d. SEM RISCO;HVI3;R03;G1 - BHV;R10;15
V1805;G2;d. SEM RISCO;HVI3;R03;G1 - BHV;R11;15
V1805;G2;d. SEM RISCO;HVI3;R03;G1 - BHV;R12;15
V1805;G2;d. SEM RISCO;HVI3;R03;G1 - BHV;R13;15
V1805;G2;d. SEM RISCO;HVI3;R03;G1 - BHV;R14;15
V1805;G2;d. SEM RISCO;HVI3;R03;G1 - BHV;R15;15
V1805;G2;d. SEM RISCO;HVI3;R03;G1 - BHV;R16;15
V1805;G2;d. SEM RISCO;HVI3;R03;G1 - BHV;R17;15
V1805;G2;d. SEM RISCO;HVI3;R03;G1 - BHV;R18;15
V1805;G2;d. SEM RISCO;HVI3;R03;G1 - BHV;R19;15
V1805;G2;d. SEM RISCO;HVI3;R03;G1 - BHV;R20;15
V1805;G2;d. SEM RISCO;HVI3;R04;G1 - BHV;R01;15
V1805;G2;d. SEM RISCO;HVI3;R04;G1 - BHV;R02;15
V1805;G2;d. SEM RISCO;HVI3;R04;G1 - BHV;R03;15
V1805;G2;d. SEM RISCO;HVI3;R04;G1 - BHV;R04;15
V1805;G2;d. SEM RISCO;HVI3;R04;G1 - BHV;R05;15
V1805;G2;d. SEM RISCO;HVI3;R04;G1 - BHV;R06;15
V1805;G2;d. SEM RISCO;HVI3;R04;G1 - BHV;R07;15
V1805;G2;d. SEM RISCO;HVI3;R04;G1 - BHV;R08;15
V1805;G2;d. SEM RISCO;HVI3;R04;G1 - BHV;R09;15
V1805;G2;d. SEM RISCO;HVI3;R04;G1 - BHV;R10;15
V1805;G2;d. SEM RISCO;HVI3;R04;G1 - BHV;R11;15
V1805;G2;d. SEM RISCO;HVI3;R04;G1 - BHV;R12;15
V1805;G2;d. SEM RISCO;HVI3;R04;G1 - BHV;R13;15
V1805;G2;d. SEM RISCO;HVI3;R04;G1 - BHV;R14;15
V1805;G2;d. SEM RISCO;HVI3;R04;G1 - BHV;R15;15
V1805;G2;d. SEM RISCO;HVI3;R04;G1 - BHV;R16;15
V1805;G2;d. SEM RISCO;HVI3;R04;G1 - BHV;R17;15
V1805;G2;d. SEM RISCO;HVI3;R04;G1 - BHV;R18;15
V1805;G2;d. SEM RISCO;HVI3;R04;G1 - BHV;R19;15
V1805;G2;d. SEM RISCO;HVI3;R04;G1 - BHV;R20;15
V1805;G2;d. SEM RISCO;HVI3;R05;G1 - BHV;R01;15
V1805;G2;d. SEM RISCO;HVI3;R05;G1 - BHV;R02;15
V1805;G2;d. SEM RISCO;HVI3;R05;G1 - BHV;R03;15
V1805;G2;d. SEM RISCO;HVI3;R05;G1 - BHV;R04;15
V1805;G2;d. SEM RISCO;HVI3;R05;G1 - BHV;R05;15
V1805;G2;d. SEM RISCO;HVI3;R05;G1 - BHV;R06;15
V1805;G2;d. SEM RISCO;HVI3;R05;G1 - BHV;R07;15
V1805;G2;d. SEM RISCO;HVI3;R05;G1 - BHV;R08;15
V1805;G2;d. SEM RISCO;HVI3;R05;G1 - BHV;R09;15
V1805;G2;d. SEM RISCO;HVI3;R05;G1 - BHV;R10;15
V1805;G2;d. SEM RISCO;HVI3;R05;G1 - BHV;R11;15
V1805;G2;d. SEM RISCO;HVI3;R05;G1 - BHV;R12;15
V1805;G2;d. SEM RISCO;HVI3;R05;G1 - BHV;R13;15
V1805;G2;d. SEM RISCO;HVI3;R05;G1 - BHV;R14;15
V1805;G2;d. SEM RISCO;HVI3;R05;G1 - BHV;R15;15
V1805;G2;d. SEM RISCO;HVI3;R05;G1 - BHV;R16;15
V1805;G2;d. SEM RISCO;HVI3;R05;G1 - BHV;R17;15
V1805;G2;d. SEM RISCO;HVI3;R05;G1 - BHV;R18;15
V1805;G2;d. SEM RISCO;HVI3;R05;G1 - BHV;R19;15
V1805;G2;d. SEM RISCO;HVI3;R05;G1 - BHV;R20;15
V1805;G2;d. SEM RISCO;HVI3;R06;G1 - BHV;R01;15
V1805;G2;d. SEM RISCO;HVI3;R06;G1 - BHV;R02;15
V1805;G2;d. SEM RISCO;HVI3;R06;G1 - BHV;R03;15
V1805;G2;d. SEM RISCO;HVI3;R06;G1 - BHV;R04;15
V1805;G2;d. SEM RISCO;HVI3;R06;G1 - BHV;R05;15
V1805;G2;d. SEM RISCO;HVI3;R06;G1 - BHV;R06;15
V1805;G2;d. SEM RISCO;HVI3;R06;G1 - BHV;R07;15
V1805;G2;d. SEM RISCO;HVI3;R06;G1 - BHV;R08;15
V1805;G2;d. SEM RISCO;HVI3;R06;G1 - BHV;R09;15
V1805;G2;d. SEM RISCO;HVI3;R06;G1 - BHV;R10;15
V1805;G2;d. SEM RISCO;HVI3;R06;G1 - BHV;R11;15
V1805;G2;d. SEM RISCO;HVI3;R06;G1 - BHV;R12;15
V1805;G2;d. SEM RISCO;HVI3;R06;G1 - BHV;R13;15
V1805;G2;d. SEM RISCO;HVI3;R06;G1 - BHV;R14;15
V1805;G2;d. SEM RISCO;HVI3;R06;G1 - BHV;R15;15
V1805;G2;d. SEM RISCO;HVI3;R06;G1 - BHV;R16;15
V1805;G2;d. SEM RISCO;HVI3;R06;G1 - BHV;R17;12
V1805;G2;d. SEM RISCO;HVI3;R06;G1 - BHV;R18;12
V1805;G2;d. SEM RISCO;HVI3;R06;G1 - BHV;R19;12
V1805;G2;d. SEM RISCO;HVI3;R06;G1 - BHV;R20;12
V1805;G2;d. SEM RISCO;HVI3;R07;G1 - BHV;R01;15
V1805;G2;d. SEM RISCO;HVI3;R07;G1 - BHV;R02;15
V1805;G2;d. SEM RISCO;HVI3;R07;G1 - BHV;R03;15
V1805;G2;d. SEM RISCO;HVI3;R07;G1 - BHV;R04;15
V1805;G2;d. SEM RISCO;HVI3;R07;G1 - BHV;R05;15
V1805;G2;d. SEM RISCO;HVI3;R07;G1 - BHV;R06;15
V1805;G2;d. SEM RISCO;HVI3;R07;G1 - BHV;R07;15
V1805;G2;d. SEM RISCO;HVI3;R07;G1 - BHV;R08;15
V1805;G2;d. SEM RISCO;HVI3;R07;G1 - BHV;R09;15
V1805;G2;d. SEM RISCO;HVI3;R07;G1 - BHV;R10;15
V1805;G2;d. SEM RISCO;HVI3;R07;G1 - BHV;R11;15
V1805;G2;d. SEM RISCO;HVI3;R07;G1 - BHV;R12;15
V1805;G2;d. SEM RISCO;HVI3;R07;G1 - BHV;R13;15
V1805;G2;d. SEM RISCO;HVI3;R07;G1 - BHV;R14;15
V1805;G2;d. SEM RISCO;HVI3;R07;G1 - BHV;R15;15
V1805;G2;d. SEM RISCO;HVI3;R07;G1 - BHV;R16;15
V1805;G2;d. SEM RISCO;HVI3;R07;G1 - BHV;R17;12
V1805;G2;d. SEM RISCO;HVI3;R07;G1 - BHV;R18;12
V1805;G2;d. SEM RISCO;HVI3;R07;G1 - BHV;R19;12
V1805;G2;d. SEM RISCO;HVI3;R07;G1 - BHV;R20;12
V1805;G2;d. SEM RISCO;HVI3;R08;G1 - BHV;R01;15
V1805;G2;d. SEM RISCO;HVI3;R08;G1 - BHV;R02;15
V1805;G2;d. SEM RISCO;HVI3;R08;G1 - BHV;R03;15
V1805;G2;d. SEM RISCO;HVI3;R08;G1 - BHV;R04;15
V1805;G2;d. SEM RISCO;HVI3;R08;G1 - BHV;R05;15
V1805;G2;d. SEM RISCO;HVI3;R08;G1 - BHV;R06;15
V1805;G2;d. SEM RISCO;HVI3;R08;G1 - BHV;R07;15
V1805;G2;d. SEM RISCO;HVI3;R08;G1 - BHV;R08;15
V1805;G2;d. SEM RISCO;HVI3;R08;G1 - BHV;R09;15
V1805;G2;d. SEM RISCO;HVI3;R08;G1 - BHV;R10;15
V1805;G2;d. SEM RISCO;HVI3;R08;G1 - BHV;R11;15
V1805;G2;d. SEM RISCO;HVI3;R08;G1 - BHV;R12;15
V1805;G2;d. SEM RISCO;HVI3;R08;G1 - BHV;R13;12
V1805;G2;d. SEM RISCO;HVI3;R08;G1 - BHV;R14;12
V1805;G2;d. SEM RISCO;HVI3;R08;G1 - BHV;R15;12
V1805;G2;d. SEM RISCO;HVI3;R08;G1 - BHV;R16;12
V1805;G2;d. SEM RISCO;HVI3;R08;G1 - BHV;R17;12
V1805;G2;d. SEM RISCO;HVI3;R08;G1 - BHV;R18;12
V1805;G2;d. SEM RISCO;HVI3;R08;G1 - BHV;R19;12
V1805;G2;d. SEM RISCO;HVI3;R08;G1 - BHV;R20;12
V1805;G2;d. SEM RISCO;HVI3;R09;G1 - BHV;R01;15
V1805;G2;d. SEM RISCO;HVI3;R09;G1 - BHV;R02;15
V1805;G2;d. SEM RISCO;HVI3;R09;G1 - BHV;R03;15
V1805;G2;d. SEM RISCO;HVI3;R09;G1 - BHV;R04;15
V1805;G2;d. SEM RISCO;HVI3;R09;G1 - BHV;R05;15
V1805;G2;d. SEM RISCO;HVI3;R09;G1 - BHV;R06;15
V1805;G2;d. SEM RISCO;HVI3;R09;G1 - BHV;R07;15
V1805;G2;d. SEM RISCO;HVI3;R09;G1 - BHV;R08;15
V1805;G2;d. SEM RISCO;HVI3;R09;G1 - BHV;R09;12
V1805;G2;d. SEM RISCO;HVI3;R09;G1 - BHV;R10;12
V1805;G2;d. SEM RISCO;HVI3;R09;G1 - BHV;R11;12
V1805;G2;d. SEM RISCO;HVI3;R09;G1 - BHV;R12;12
V1805;G2;d. SEM RISCO;HVI3;R09;G1 - BHV;R13;12
V1805;G2;d. SEM RISCO;HVI3;R09;G1 - BHV;R14;12
V1805;G2;d. SEM RISCO;HVI3;R09;G1 - BHV;R15;12
V1805;G2;d. SEM RISCO;HVI3;R09;G1 - BHV;R16;12
V1805;G2;d. SEM RISCO;HVI3;R09;G1 - BHV;R17;12
V1805;G2;d. SEM RISCO;HVI3;R09;G1 - BHV;R18;12
V1805;G2;d. SEM RISCO;HVI3;R09;G1 - BHV;R19;12
V1805;G2;d. SEM RISCO;HVI3;R09;G1 - BHV;R20;12
V1805;G2;d. SEM RISCO;HVI3;R10;G1 - BHV;R01;15
V1805;G2;d. SEM RISCO;HVI3;R10;G1 - BHV;R02;15
V1805;G2;d. SEM RISCO;HVI3;R10;G1 - BHV;R03;15
V1805;G2;d. SEM RISCO;HVI3;R10;G1 - BHV;R04;15
V1805;G2;d. SEM RISCO;HVI3;R10;G1 - BHV;R05;15
V1805;G2;d. SEM RISCO;HVI3;R10;G1 - BHV;R06;15
V1805;G2;d. SEM RISCO;HVI3;R10;G1 - BHV;R07;15
V1805;G2;d. SEM RISCO;HVI3;R10;G1 - BHV;R08;15
V1805;G2;d. SEM RISCO;HVI3;R10;G1 - BHV;R09;12
V1805;G2;d. SEM RISCO;HVI3;R10;G1 - BHV;R10;12
V1805;G2;d. SEM RISCO;HVI3;R10;G1 - BHV;R11;12
V1805;G2;d. SEM RISCO;HVI3;R10;G1 - BHV;R12;12
V1805;G2;d. SEM RISCO;HVI3;R10;G1 - BHV;R13;12
V1805;G2;d. SEM RISCO;HVI3;R10;G1 - BHV;R14;12
V1805;G2;d. SEM RISCO;HVI3;R10;G1 - BHV;R15;12
V1805;G2;d. SEM RISCO;HVI3;R10;G1 - BHV;R16;12
V1805;G2;d. SEM RISCO;HVI3;R10;G1 - BHV;R17;12
V1805;G2;d. SEM RISCO;HVI3;R10;G1 - BHV;R18;12
V1805;G2;d. SEM RISCO;HVI3;R10;G1 - BHV;R19;12
V1805;G2;d. SEM RISCO;HVI3;R10;G1 - BHV;R20;12
V1805;G2;d. SEM RISCO;HVI3;R11;G1 - BHV;R01;12
V1805;G2;d. SEM RISCO;HVI3;R11;G1 - BHV;R02;12
V1805;G2;d. SEM RISCO;HVI3;R11;G1 - BHV;R03;12
V1805;G2;d. SEM RISCO;HVI3;R11;G1 - BHV;R04;12
V1805;G2;d. SEM RISCO;HVI3;R11;G1 - BHV;R05;12
V1805;G2;d. SEM RISCO;HVI3;R11;G1 - BHV;R06;12
V1805;G2;d. SEM RISCO;HVI3;R11;G1 - BHV;R07;12
V1805;G2;d. SEM RISCO;HVI3;R11;G1 - BHV;R08;12
V1805;G2;d. SEM RISCO;HVI3;R11;G1 - BHV;R09;12
V1805;G2;d. SEM RISCO;HVI3;R11;G1 - BHV;R10;12
V1805;G2;d. SEM RISCO;HVI3;R11;G1 - BHV;R11;12
V1805;G2;d. SEM RISCO;HVI3;R11;G1 - BHV;R12;12
V1805;G2;d. SEM RISCO;HVI3;R11;G1 - BHV;R13;12
V1805;G2;d. SEM RISCO;HVI3;R11;G1 - BHV;R14;12
V1805;G2;d. SEM RISCO;HVI3;R11;G1 - BHV;R15;12
V1805;G2;d. SEM RISCO;HVI3;R11;G1 - BHV;R16;12
V1805;G2;d. SEM RISCO;HVI3;R11;G1 - BHV;R17;12
V1805;G2;d. SEM RISCO;HVI3;R11;G1 - BHV;R18;12
V1805;G2;d. SEM RISCO;HVI3;R11;G1 - BHV;R19;12
V1805;G2;d. SEM RISCO;HVI3;R11;G1 - BHV;R20;12
V1805;G2;d. SEM RISCO;HVI3;R12;G1 - BHV;R01;12
V1805;G2;d. SEM RISCO;HVI3;R12;G1 - BHV;R02;12
V1805;G2;d. SEM RISCO;HVI3;R12;G1 - BHV;R03;12
V1805;G2;d. SEM RISCO;HVI3;R12;G1 - BHV;R04;12
V1805;G2;d. SEM RISCO;HVI3;R12;G1 - BHV;R05;12
V1805;G2;d. SEM RISCO;HVI3;R12;G1 - BHV;R06;12
V1805;G2;d. SEM RISCO;HVI3;R12;G1 - BHV;R07;12
V1805;G2;d. SEM RISCO;HVI3;R12;G1 - BHV;R08;12
V1805;G2;d. SEM RISCO;HVI3;R12;G1 - BHV;R09;12
V1805;G2;d. SEM RISCO;HVI3;R12;G1 - BHV;R10;12
V1805;G2;d. SEM RISCO;HVI3;R12;G1 - BHV;R11;12
V1805;G2;d. SEM RISCO;HVI3;R12;G1 - BHV;R12;12
V1805;G2;d. SEM RISCO;HVI3;R12;G1 - BHV;R13;12
V1805;G2;d. SEM RISCO;HVI3;R12;G1 - BHV;R14;12
V1805;G2;d. SEM RISCO;HVI3;R12;G1 - BHV;R15;12
V1805;G2;d. SEM RISCO;HVI3;R12;G1 - BHV;R16;12
V1805;G2;d. SEM RISCO;HVI3;R12;G1 - BHV;R17;8
V1805;G2;d. SEM RISCO;HVI3;R12;G1 - BHV;R18;8
V1805;G2;d. SEM RISCO;HVI3;R12;G1 - BHV;R19;8
V1805;G2;d. SEM RISCO;HVI3;R12;G1 - BHV;R20;8
V1805;G2;d. SEM RISCO;HVI3;R13;G1 - BHV;R01;12
V1805;G2;d. SEM RISCO;HVI3;R13;G1 - BHV;R02;12
V1805;G2;d. SEM RISCO;HVI3;R13;G1 - BHV;R03;12
V1805;G2;d. SEM RISCO;HVI3;R13;G1 - BHV;R04;12
V1805;G2;d. SEM RISCO;HVI3;R13;G1 - BHV;R05;12
V1805;G2;d. SEM RISCO;HVI3;R13;G1 - BHV;R06;12
V1805;G2;d. SEM RISCO;HVI3;R13;G1 - BHV;R07;12
V1805;G2;d. SEM RISCO;HVI3;R13;G1 - BHV;R08;12
V1805;G2;d. SEM RISCO;HVI3;R13;G1 - BHV;R09;12
V1805;G2;d. SEM RISCO;HVI3;R13;G1 - BHV;R10;12
V1805;G2;d. SEM RISCO;HVI3;R13;G1 - BHV;R11;12
V1805;G2;d. SEM RISCO;HVI3;R13;G1 - BHV;R12;12
V1805;G2;d. SEM RISCO;HVI3;R13;G1 - BHV;R13;12
V1805;G2;d. SEM RISCO;HVI3;R13;G1 - BHV;R14;12
V1805;G2;d. SEM RISCO;HVI3;R13;G1 - BHV;R15;12
V1805;G2;d. SEM RISCO;HVI3;R13;G1 - BHV;R16;12
V1805;G2;d. SEM RISCO;HVI3;R13;G1 - BHV;R17;8
V1805;G2;d. SEM RISCO;HVI3;R13;G1 - BHV;R18;8
V1805;G2;d. SEM RISCO;HVI3;R13;G1 - BHV;R19;8
V1805;G2;d. SEM RISCO;HVI3;R13;G1 - BHV;R20;8
V1805;G2;d. SEM RISCO;HVI3;R14;G1 - BHV;R01;12
V1805;G2;d. SEM RISCO;HVI3;R14;G1 - BHV;R02;12
V1805;G2;d. SEM RISCO;HVI3;R14;G1 - BHV;R03;12
V1805;G2;d. SEM RISCO;HVI3;R14;G1 - BHV;R04;12
V1805;G2;d. SEM RISCO;HVI3;R14;G1 - BHV;R05;8
V1805;G2;d. SEM RISCO;HVI3;R14;G1 - BHV;R06;8
V1805;G2;d. SEM RISCO;HVI3;R14;G1 - BHV;R07;8
V1805;G2;d. SEM RISCO;HVI3;R14;G1 - BHV;R08;8
V1805;G2;d. SEM RISCO;HVI3;R14;G1 - BHV;R09;8
V1805;G2;d. SEM RISCO;HVI3;R14;G1 - BHV;R10;8
V1805;G2;d. SEM RISCO;HVI3;R14;G1 - BHV;R11;8
V1805;G2;d. SEM RISCO;HVI3;R14;G1 - BHV;R12;8
V1805;G2;d. SEM RISCO;HVI3;R14;G1 - BHV;R13;8
V1805;G2;d. SEM RISCO;HVI3;R14;G1 - BHV;R14;8
V1805;G2;d. SEM RISCO;HVI3;R14;G1 - BHV;R15;8
V1805;G2;d. SEM RISCO;HVI3;R14;G1 - BHV;R16;8
V1805;G2;d. SEM RISCO;HVI3;R14;G1 - BHV;R17;5
V1805;G2;d. SEM RISCO;HVI3;R14;G1 - BHV;R18;5
V1805;G2;d. SEM RISCO;HVI3;R14;G1 - BHV;R19;5
V1805;G2;d. SEM RISCO;HVI3;R14;G1 - BHV;R20;5
V1805;G2;d. SEM RISCO;HVI3;R15;G1 - BHV;R01;12
V1805;G2;d. SEM RISCO;HVI3;R15;G1 - BHV;R02;12
V1805;G2;d. SEM RISCO;HVI3;R15;G1 - BHV;R03;12
V1805;G2;d. SEM RISCO;HVI3;R15;G1 - BHV;R04;12
V1805;G2;d. SEM RISCO;HVI3;R15;G1 - BHV;R05;8
V1805;G2;d. SEM RISCO;HVI3;R15;G1 - BHV;R06;8
V1805;G2;d. SEM RISCO;HVI3;R15;G1 - BHV;R07;8
V1805;G2;d. SEM RISCO;HVI3;R15;G1 - BHV;R08;8
V1805;G2;d. SEM RISCO;HVI3;R15;G1 - BHV;R09;8
V1805;G2;d. SEM RISCO;HVI3;R15;G1 - BHV;R10;8
V1805;G2;d. SEM RISCO;HVI3;R15;G1 - BHV;R11;8
V1805;G2;d. SEM RISCO;HVI3;R15;G1 - BHV;R12;8
V1805;G2;d. SEM RISCO;HVI3;R15;G1 - BHV;R13;8
V1805;G2;d. SEM RISCO;HVI3;R15;G1 - BHV;R14;8
V1805;G2;d. SEM RISCO;HVI3;R15;G1 - BHV;R15;8
V1805;G2;d. SEM RISCO;HVI3;R15;G1 - BHV;R16;8
V1805;G2;d. SEM RISCO;HVI3;R15;G1 - BHV;R17;5
V1805;G2;d. SEM RISCO;HVI3;R15;G1 - BHV;R18;5
V1805;G2;d. SEM RISCO;HVI3;R15;G1 - BHV;R19;5
V1805;G2;d. SEM RISCO;HVI3;R15;G1 - BHV;R20;5
V1805;G2;d. SEM RISCO;HVI3;R16;G1 - BHV;R01;12
V1805;G2;d. SEM RISCO;HVI3;R16;G1 - BHV;R02;12
V1805;G2;d. SEM RISCO;HVI3;R16;G1 - BHV;R03;12
V1805;G2;d. SEM RISCO;HVI3;R16;G1 - BHV;R04;12
V1805;G2;d. SEM RISCO;HVI3;R16;G1 - BHV;R05;8
V1805;G2;d. SEM RISCO;HVI3;R16;G1 - BHV;R06;8
V1805;G2;d. SEM RISCO;HVI3;R16;G1 - BHV;R07;8
V1805;G2;d. SEM RISCO;HVI3;R16;G1 - BHV;R08;8
V1805;G2;d. SEM RISCO;HVI3;R16;G1 - BHV;R09;8
V1805;G2;d. SEM RISCO;HVI3;R16;G1 - BHV;R10;8
V1805;G2;d. SEM RISCO;HVI3;R16;G1 - BHV;R11;8
V1805;G2;d. SEM RISCO;HVI3;R16;G1 - BHV;R12;8
V1805;G2;d. SEM RISCO;HVI3;R16;G1 - BHV;R13;8
V1805;G2;d. SEM RISCO;HVI3;R16;G1 - BHV;R14;8
V1805;G2;d. SEM RISCO;HVI3;R16;G1 - BHV;R15;8
V1805;G2;d. SEM RISCO;HVI3;R16;G1 - BHV;R16;8
V1805;G2;d. SEM RISCO;HVI3;R16;G1 - BHV;R17;5
V1805;G2;d. SEM RISCO;HVI3;R16;G1 - BHV;R18;5
V1805;G2;d. SEM RISCO;HVI3;R16;G1 - BHV;R19;5
V1805;G2;d. SEM RISCO;HVI3;R16;G1 - BHV;R20;5
V1805;G2;d. SEM RISCO;HVI3;R17;G1 - BHV;R01;12
V1805;G2;d. SEM RISCO;HVI3;R17;G1 - BHV;R02;12
V1805;G2;d. SEM RISCO;HVI3;R17;G1 - BHV;R03;12
V1805;G2;d. SEM RISCO;HVI3;R17;G1 - BHV;R04;12
V1805;G2;d. SEM RISCO;HVI3;R17;G1 - BHV;R05;5
V1805;G2;d. SEM RISCO;HVI3;R17;G1 - BHV;R06;5
V1805;G2;d. SEM RISCO;HVI3;R17;G1 - BHV;R07;5
V1805;G2;d. SEM RISCO;HVI3;R17;G1 - BHV;R08;5
V1805;G2;d. SEM RISCO;HVI3;R17;G1 - BHV;R09;5
V1805;G2;d. SEM RISCO;HVI3;R17;G1 - BHV;R10;5
V1805;G2;d. SEM RISCO;HVI3;R17;G1 - BHV;R11;5
V1805;G2;d. SEM RISCO;HVI3;R17;G1 - BHV;R12;5
V1805;G2;d. SEM RISCO;HVI3;R17;G1 - BHV;R13;5
V1805;G2;d. SEM RISCO;HVI3;R17;G1 - BHV;R14;5
V1805;G2;d. SEM RISCO;HVI3;R17;G1 - BHV;R15;5
V1805;G2;d. SEM RISCO;HVI3;R17;G1 - BHV;R16;5
V1805;G2;d. SEM RISCO;HVI3;R17;G1 - BHV;R17;5
V1805;G2;d. SEM RISCO;HVI3;R17;G1 - BHV;R18;5
V1805;G2;d. SEM RISCO;HVI3;R17;G1 - BHV;R19;5
V1805;G2;d. SEM RISCO;HVI3;R17;G1 - BHV;R20;5
V1805;G2;d. SEM RISCO;HVI3;R18;G1 - BHV;R01;12
V1805;G2;d. SEM RISCO;HVI3;R18;G1 - BHV;R02;12
V1805;G2;d. SEM RISCO;HVI3;R18;G1 - BHV;R03;12
V1805;G2;d. SEM RISCO;HVI3;R18;G1 - BHV;R04;12
V1805;G2;d. SEM RISCO;HVI3;R18;G1 - BHV;R05;5
V1805;G2;d. SEM RISCO;HVI3;R18;G1 - BHV;R06;5
V1805;G2;d. SEM RISCO;HVI3;R18;G1 - BHV;R07;5
V1805;G2;d. SEM RISCO;HVI3;R18;G1 - BHV;R08;5
V1805;G2;d. SEM RISCO;HVI3;R18;G1 - BHV;R09;5
V1805;G2;d. SEM RISCO;HVI3;R18;G1 - BHV;R10;5
V1805;G2;d. SEM RISCO;HVI3;R18;G1 - BHV;R11;5
V1805;G2;d. SEM RISCO;HVI3;R18;G1 - BHV;R12;5
V1805;G2;d. SEM RISCO;HVI3;R18;G1 - BHV;R13;5
V1805;G2;d. SEM RISCO;HVI3;R18;G1 - BHV;R14;5
V1805;G2;d. SEM RISCO;HVI3;R18;G1 - BHV;R15;5
V1805;G2;d. SEM RISCO;HVI3;R18;G1 - BHV;R16;5
V1805;G2;d. SEM RISCO;HVI3;R18;G1 - BHV;R17;5
V1805;G2;d. SEM RISCO;HVI3;R18;G1 - BHV;R18;5
V1805;G2;d. SEM RISCO;HVI3;R18;G1 - BHV;R19;5
V1805;G2;d. SEM RISCO;HVI3;R18;G1 - BHV;R20;5
V1805;G2;d. SEM RISCO;HVI3;R19;G1 - BHV;R01;12
V1805;G2;d. SEM RISCO;HVI3;R19;G1 - BHV;R02;12
V1805;G2;d. SEM RISCO;HVI3;R19;G1 - BHV;R03;12
V1805;G2;d. SEM RISCO;HVI3;R19;G1 - BHV;R04;12
V1805;G2;d. SEM RISCO;HVI3;R19;G1 - BHV;R05;5
V1805;G2;d. SEM RISCO;HVI3;R19;G1 - BHV;R06;5
V1805;G2;d. SEM RISCO;HVI3;R19;G1 - BHV;R07;5
V1805;G2;d. SEM RISCO;HVI3;R19;G1 - BHV;R08;5
V1805;G2;d. SEM RISCO;HVI3;R19;G1 - BHV;R09;5
V1805;G2;d. SEM RISCO;HVI3;R19;G1 - BHV;R10;5
V1805;G2;d. SEM RISCO;HVI3;R19;G1 - BHV;R11;5
V1805;G2;d. SEM RISCO;HVI3;R19;G1 - BHV;R12;5
V1805;G2;d. SEM RISCO;HVI3;R19;G1 - BHV;R13;5
V1805;G2;d. SEM RISCO;HVI3;R19;G1 - BHV;R14;5
V1805;G2;d. SEM RISCO;HVI3;R19;G1 - BHV;R15;5
V1805;G2;d. SEM RISCO;HVI3;R19;G1 - BHV;R16;5
V1805;G2;d. SEM RISCO;HVI3;R19;G1 - BHV;R17;5
V1805;G2;d. SEM RISCO;HVI3;R19;G1 - BHV;R18;5
V1805;G2;d. SEM RISCO;HVI3;R19;G1 - BHV;R19;5
V1805;G2;d. SEM RISCO;HVI3;R19;G1 - BHV;R20;5
V1805;G2;d. SEM RISCO;HVI3;R20;G1 - BHV;R01;12
V1805;G2;d. SEM RISCO;HVI3;R20;G1 - BHV;R02;12
V1805;G2;d. SEM RISCO;HVI3;R20;G1 - BHV;R03;12
V1805;G2;d. SEM RISCO;HVI3;R20;G1 - BHV;R04;12
V1805;G2;d. SEM RISCO;HVI3;R20;G1 - BHV;R05;5
V1805;G2;d. SEM RISCO;HVI3;R20;G1 - BHV;R06;5
V1805;G2;d. SEM RISCO;HVI3;R20;G1 - BHV;R07;5
V1805;G2;d. SEM RISCO;HVI3;R20;G1 - BHV;R08;5
V1805;G2;d. SEM RISCO;HVI3;R20;G1 - BHV;R09;5
V1805;G2;d. SEM RISCO;HVI3;R20;G1 - BHV;R10;5
V1805;G2;d. SEM RISCO;HVI3;R20;G1 - BHV;R11;5
V1805;G2;d. SEM RISCO;HVI3;R20;G1 - BHV;R12;5
V1805;G2;d. SEM RISCO;HVI3;R20;G1 - BHV;R13;5
V1805;G2;d. SEM RISCO;HVI3;R20;G1 - BHV;R14;5
V1805;G2;d. SEM RISCO;HVI3;R20;G1 - BHV;R15;5
V1805;G2;d. SEM RISCO;HVI3;R20;G1 - BHV;R16;5
V1805;G2;d. SEM RISCO;HVI3;R20;G1 - BHV;R17;5
V1805;G2;d. SEM RISCO;HVI3;R20;G1 - BHV;R18;5
V1805;G2;d. SEM RISCO;HVI3;R20;G1 - BHV;R19;5
V1805;G2;d. SEM RISCO;HVI3;R20;G1 - BHV;R20;5
V1805;G2;d. SEM RISCO;HVI3;R99;G1 - BHV;R01;0
V1805;G2;d. SEM RISCO;HVI3;R99;G1 - BHV;R02;0
V1805;G2;d. SEM RISCO;HVI3;R99;G1 - BHV;R03;0
V1805;G2;d. SEM RISCO;HVI3;R99;G1 - BHV;R04;0
V1805;G2;d. SEM RISCO;HVI3;R99;G1 - BHV;R05;0
V1805;G2;d. SEM RISCO;HVI3;R99;G1 - BHV;R06;0
V1805;G2;d. SEM RISCO;HVI3;R99;G1 - BHV;R07;0
V1805;G2;d. SEM RISCO;HVI3;R99;G1 - BHV;R08;0
V1805;G2;d. SEM RISCO;HVI3;R99;G1 - BHV;R09;0
V1805;G2;d. SEM RISCO;HVI3;R99;G1 - BHV;R10;0
V1805;G2;d. SEM RISCO;HVI3;R99;G1 - BHV;R11;0
V1805;G2;d. SEM RISCO;HVI3;R99;G1 - BHV;R12;0
V1805;G2;d. SEM RISCO;HVI3;R99;G1 - BHV;R13;0
V1805;G2;d. SEM RISCO;HVI3;R99;G1 - BHV;R14;0
V1805;G2;d. SEM RISCO;HVI3;R99;G1 - BHV;R15;0
V1805;G2;d. SEM RISCO;HVI3;R99;G1 - BHV;R16;0
V1805;G2;d. SEM RISCO;HVI3;R99;G1 - BHV;R17;0
V1805;G2;d. SEM RISCO;HVI3;R99;G1 - BHV;R18;0
V1805;G2;d. SEM RISCO;HVI3;R99;G1 - BHV;R19;0
V1805;G2;d. SEM RISCO;HVI3;R99;G1 - BHV;R20;0
V1805;G3;b.RISCO NEUTRO;HVI3;R08;Restritivos;SEM RESTRITIVOS;15
V1805;G3;a.RISCO BAIXO;HVI3;R08;Restritivos;SEM RESTRITIVOS;15
V1805;G3;c.RISCO ALTO;HVI3;R08;Restritivos;SEM RESTRITIVOS;15
V1805;G3;c.RISCO ALTO;HVI3;R09;Restritivos;SEM RESTRITIVOS;12
V1805;G3;a.RISCO BAIXO;HVI3;R09;Restritivos;SEM RESTRITIVOS;12
V1805;G3;b.RISCO NEUTRO;HVI3;R09;Restritivos;SEM RESTRITIVOS;12
V1805;G3;c.RISCO ALTO;HVI3;R10;Restritivos;SEM RESTRITIVOS;12
V1805;G3;b.RISCO NEUTRO;HVI3;R10;Restritivos;SEM RESTRITIVOS;12
V1805;G3;a.RISCO BAIXO;HVI3;R10;Restritivos;SEM RESTRITIVOS;12
V1805;G3;b.RISCO NEUTRO;HVI3;R11;Restritivos;SEM RESTRITIVOS;8
V1805;G3;a.RISCO BAIXO;HVI3;R11;Restritivos;SEM RESTRITIVOS;8
V1805;G3;c.RISCO ALTO;HVI3;R11;Restritivos;SEM RESTRITIVOS;8
V1805;G3;a.RISCO BAIXO;HVI3;R12;Restritivos;SEM RESTRITIVOS;8
V1805;G3;c.RISCO ALTO;HVI3;R12;Restritivos;SEM RESTRITIVOS;8
V1805;G3;b.RISCO NEUTRO;HVI3;R12;Restritivos;SEM RESTRITIVOS;8
V1805;G3;c.RISCO ALTO;HVI3;R13;Restritivos;SEM RESTRITIVOS;8
V1805;G3;b.RISCO NEUTRO;HVI3;R13;Restritivos;SEM RESTRITIVOS;8
V1805;G3;a.RISCO BAIXO;HVI3;R13;Restritivos;SEM RESTRITIVOS;8
V1805;G3;b.RISCO NEUTRO;HVI3;R14;Restritivos;SEM RESTRITIVOS;8
V1805;G3;c.RISCO ALTO;HVI3;R14;Restritivos;SEM RESTRITIVOS;8
V1805;G3;a.RISCO BAIXO;HVI3;R14;Restritivos;SEM RESTRITIVOS;8
V1805;G3;b.RISCO NEUTRO;HVI3;R15;Restritivos;SEM RESTRITIVOS;5
V1805;G3;c.RISCO ALTO;HVI3;R15;Restritivos;SEM RESTRITIVOS;5
V1805;G3;a.RISCO BAIXO;HVI3;R15;Restritivos;SEM RESTRITIVOS;5
V1805;G3;c.RISCO ALTO;HVI3;R16;Restritivos;SEM RESTRITIVOS;5
V1805;G3;b.RISCO NEUTRO;HVI3;R16;Restritivos;SEM RESTRITIVOS;5
V1805;G3;a.RISCO BAIXO;HVI3;R16;Restritivos;SEM RESTRITIVOS;5
V1805;G3;b.RISCO NEUTRO;HVI3;R17;Restritivos;SEM RESTRITIVOS;5
V1805;G3;c.RISCO ALTO;HVI3;R17;Restritivos;SEM RESTRITIVOS;5
V1805;G3;a.RISCO BAIXO;HVI3;R17;Restritivos;SEM RESTRITIVOS;5
V1805;G3;b.RISCO NEUTRO;HVI3;R18;Restritivos;SEM RESTRITIVOS;5
V1805;G3;a.RISCO BAIXO;HVI3;R18;Restritivos;SEM RESTRITIVOS;5
V1805;G3;c.RISCO ALTO;HVI3;R18;Restritivos;SEM RESTRITIVOS;5
V1805;G3;b.RISCO NEUTRO;HVI3;R19;Restritivos;SEM RESTRITIVOS;5
V1805;G3;c.RISCO ALTO;HVI3;R19;Restritivos;SEM RESTRITIVOS;5
V1805;G3;a.RISCO BAIXO;HVI3;R19;Restritivos;SEM RESTRITIVOS;5
V1805;G3;b.RISCO NEUTRO;HVI3;R20;Restritivos;SEM RESTRITIVOS;5
V1805;G3;c.RISCO ALTO;HVI3;R20;Restritivos;SEM RESTRITIVOS;5
V1805;G3;a.RISCO BAIXO;HVI3;R20;Restritivos;SEM RESTRITIVOS;5
V1805;G3;c.RISCO ALTO;HVI3;R99;Restritivos;SEM RESTRITIVOS;0
V1805;G3;a.RISCO BAIXO;HVI3;R99;Restritivos;SEM RESTRITIVOS;0
V1805;G3;b.RISCO NEUTRO;HVI3;R99;Restritivos;SEM RESTRITIVOS;0
V1805;G4;b.RISCO NEUTRO;HVI3;R01;Restritivos;SEM RESTRITIVOS;15
V1805;G4;c.RISCO ALTO;HVI3;R01;Restritivos;SEM RESTRITIVOS;15
V1805;G4;a.RISCO BAIXO;HVI3;R01;Restritivos;SEM RESTRITIVOS;15
V1805;G4;a.RISCO BAIXO;HVI3;R02;Restritivos;SEM RESTRITIVOS;15
V1805;G4;c.RISCO ALTO;HVI3;R02;Restritivos;SEM RESTRITIVOS;15
V1805;G4;b.RISCO NEUTRO;HVI3;R02;Restritivos;SEM RESTRITIVOS;15
V1805;G4;b.RISCO NEUTRO;HVI3;R03;Restritivos;SEM RESTRITIVOS;15
V1805;G4;a.RISCO BAIXO;HVI3;R03;Restritivos;SEM RESTRITIVOS;15
V1805;G4;c.RISCO ALTO;HVI3;R03;Restritivos;SEM RESTRITIVOS;15
V1805;G4;b.RISCO NEUTRO;HVI3;R04;Restritivos;SEM RESTRITIVOS;15
V1805;G4;c.RISCO ALTO;HVI3;R04;Restritivos;SEM RESTRITIVOS;15
V1805;G4;a.RISCO BAIXO;HVI3;R04;Restritivos;SEM RESTRITIVOS;15
V1805;G4;a.RISCO BAIXO;HVI3;R05;Restritivos;SEM RESTRITIVOS;15
V1805;G4;b.RISCO NEUTRO;HVI3;R05;Restritivos;SEM RESTRITIVOS;15
V1805;G4;c.RISCO ALTO;HVI3;R05;Restritivos;SEM RESTRITIVOS;15
V1805;G4;b.RISCO NEUTRO;HVI3;R06;Restritivos;SEM RESTRITIVOS;15
V1805;G4;a.RISCO BAIXO;HVI3;R06;Restritivos;SEM RESTRITIVOS;15
V1805;G4;c.RISCO ALTO;HVI3;R06;Restritivos;SEM RESTRITIVOS;15
V1805;G4;b.RISCO NEUTRO;HVI3;R07;Restritivos;SEM RESTRITIVOS;15
V1805;G4;c.RISCO ALTO;HVI3;R07;Restritivos;SEM RESTRITIVOS;15
V1805;G4;a.RISCO BAIXO;HVI3;R07;Restritivos;SEM RESTRITIVOS;15
V1805;G4;b.RISCO NEUTRO;HVI3;R08;Restritivos;SEM RESTRITIVOS;15
V1805;G4;c.RISCO ALTO;HVI3;R08;Restritivos;SEM RESTRITIVOS;15
V1805;G4;a.RISCO BAIXO;HVI3;R08;Restritivos;SEM RESTRITIVOS;15
V1805;G4;c.RISCO ALTO;HVI3;R09;Restritivos;SEM RESTRITIVOS;12
V1805;G4;a.RISCO BAIXO;HVI3;R09;Restritivos;SEM RESTRITIVOS;12
V1805;G4;b.RISCO NEUTRO;HVI3;R09;Restritivos;SEM RESTRITIVOS;12
V1805;G4;b.RISCO NEUTRO;HVI3;R10;Restritivos;SEM RESTRITIVOS;12
V1805;G4;c.RISCO ALTO;HVI3;R10;Restritivos;SEM RESTRITIVOS;12
V1805;G4;a.RISCO BAIXO;HVI3;R10;Restritivos;SEM RESTRITIVOS;12
V1805;G4;b.RISCO NEUTRO;HVI3;R11;Restritivos;SEM RESTRITIVOS;8
V1805;G4;c.RISCO ALTO;HVI3;R11;Restritivos;SEM RESTRITIVOS;8
V1805;G4;a.RISCO BAIXO;HVI3;R11;Restritivos;SEM RESTRITIVOS;8
V1805;G4;b.RISCO NEUTRO;HVI3;R12;Restritivos;SEM RESTRITIVOS;8
V1805;G4;c.RISCO ALTO;HVI3;R12;Restritivos;SEM RESTRITIVOS;8
V1805;G4;a.RISCO BAIXO;HVI3;R12;Restritivos;SEM RESTRITIVOS;8
V1805;G4;b.RISCO NEUTRO;HVI3;R13;Restritivos;SEM RESTRITIVOS;8
V1805;G4;a.RISCO BAIXO;HVI3;R13;Restritivos;SEM RESTRITIVOS;8
V1805;G4;c.RISCO ALTO;HVI3;R13;Restritivos;SEM RESTRITIVOS;8
V1805;G4;b.RISCO NEUTRO;HVI3;R14;Restritivos;SEM RESTRITIVOS;8
V1805;G4;a.RISCO BAIXO;HVI3;R14;Restritivos;SEM RESTRITIVOS;8
V1805;G4;c.RISCO ALTO;HVI3;R14;Restritivos;SEM RESTRITIVOS;8
V1805;G4;b.RISCO NEUTRO;HVI3;R15;Restritivos;SEM RESTRITIVOS;5
V1805;G4;a.RISCO BAIXO;HVI3;R15;Restritivos;SEM RESTRITIVOS;5
V1805;G4;c.RISCO ALTO;HVI3;R15;Restritivos;SEM RESTRITIVOS;5
V1805;G4;b.RISCO NEUTRO;HVI3;R16;Restritivos;SEM RESTRITIVOS;5
V1805;G4;a.RISCO BAIXO;HVI3;R16;Restritivos;SEM RESTRITIVOS;5
V1805;G4;c.RISCO ALTO;HVI3;R16;Restritivos;SEM RESTRITIVOS;5
V1805;G4;b.RISCO NEUTRO;HVI3;R17;Restritivos;SEM RESTRITIVOS;5
V1805;G4;a.RISCO BAIXO;HVI3;R17;Restritivos;SEM RESTRITIVOS;5
V1805;G4;c.RISCO ALTO;HVI3;R17;Restritivos;SEM RESTRITIVOS;5
V1805;G4;a.RISCO BAIXO;HVI3;R18;Restritivos;SEM RESTRITIVOS;5
V1805;G4;c.RISCO ALTO;HVI3;R18;Restritivos;SEM RESTRITIVOS;5
V1805;G4;b.RISCO NEUTRO;HVI3;R18;Restritivos;SEM RESTRITIVOS;5
V1805;G4;a.RISCO BAIXO;HVI3;R19;Restritivos;SEM RESTRITIVOS;5
V1805;G4;c.RISCO ALTO;HVI3;R19;Restritivos;SEM RESTRITIVOS;5
V1805;G4;b.RISCO NEUTRO;HVI3;R19;Restritivos;SEM RESTRITIVOS;5
V1805;G4;a.RISCO BAIXO;HVI3;R20;Restritivos;SEM RESTRITIVOS;5
V1805;G4;c.RISCO ALTO;HVI3;R20;Restritivos;SEM RESTRITIVOS;5
V1805;G4;b.RISCO NEUTRO;HVI3;R20;Restritivos;SEM RESTRITIVOS;5
V1805;G4;a.RISCO BAIXO;HVI3;R99;Restritivos;SEM RESTRITIVOS;0
V1805;G4;c.RISCO ALTO;HVI3;R99;Restritivos;SEM RESTRITIVOS;0
V1805;G4;b.RISCO NEUTRO;HVI3;R99;Restritivos;SEM RESTRITIVOS;0
V1805;G1;d. SEM RISCO;HVI3;R01;Restritivos;COM RESTRITIVOS;15
V1805;G1;d. SEM RISCO;HVI3;R02;Restritivos;COM RESTRITIVOS;15
V1805;G1;d. SEM RISCO;HVI3;R03;Restritivos;COM RESTRITIVOS;15
V1805;G1;d. SEM RISCO;HVI3;R04;Restritivos;COM RESTRITIVOS;15
V1805;G1;d. SEM RISCO;HVI3;R05;Restritivos;COM RESTRITIVOS;15
V1805;G1;d. SEM RISCO;HVI3;R06;Restritivos;COM RESTRITIVOS;15
V1805;G1;d. SEM RISCO;HVI3;R07;Restritivos;COM RESTRITIVOS;15
V1805;G1;d. SEM RISCO;HVI3;R08;Restritivos;COM RESTRITIVOS;12
V1805;G1;d. SEM RISCO;HVI3;R09;Restritivos;COM RESTRITIVOS;12
V1805;G1;d. SEM RISCO;HVI3;R10;Restritivos;COM RESTRITIVOS;8
V1805;G1;d. SEM RISCO;HVI3;R11;Restritivos;COM RESTRITIVOS;8
V1805;G1;d. SEM RISCO;HVI3;R12;Restritivos;COM RESTRITIVOS;8
V1805;G1;d. SEM RISCO;HVI3;R13;Restritivos;COM RESTRITIVOS;8
V1805;G1;d. SEM RISCO;HVI3;R14;Restritivos;COM RESTRITIVOS;5
V1805;G1;d. SEM RISCO;HVI3;R15;Restritivos;COM RESTRITIVOS;5
V1805;G1;d. SEM RISCO;HVI3;R16;Restritivos;COM RESTRITIVOS;5
V1805;G1;d. SEM RISCO;HVI3;R17;Restritivos;COM RESTRITIVOS;5
V1805;G1;d. SEM RISCO;HVI3;R18;Restritivos;COM RESTRITIVOS;5
V1805;G1;d. SEM RISCO;HVI3;R19;Restritivos;COM RESTRITIVOS;0
V1805;G1;d. SEM RISCO;HVI3;R20;Restritivos;COM RESTRITIVOS;0
V1805;G1;d. SEM RISCO;HVI3;R99;Restritivos;COM RESTRITIVOS;0
V1805;G4;b.RISCO NEUTRO;HVI3;R01;G4 - BHV;R01;15
V1805;G4;c.RISCO ALTO;HVI3;R01;G4 - BHV;R01;15
V1805;G4;a.RISCO BAIXO;HVI3;R01;G4 - BHV;R01;15
V1805;G4;a.RISCO BAIXO;HVI3;R01;G4 - BHV;R02;15
V1805;G4;b.RISCO NEUTRO;HVI3;R01;G4 - BHV;R02;15
V1805;G4;c.RISCO ALTO;HVI3;R01;G4 - BHV;R02;15
V1805;G4;a.RISCO BAIXO;HVI3;R01;G4 - BHV;R03;15
V1805;G4;b.RISCO NEUTRO;HVI3;R01;G4 - BHV;R03;15
V1805;G4;c.RISCO ALTO;HVI3;R01;G4 - BHV;R03;15
V1805;G4;b.RISCO NEUTRO;HVI3;R01;G4 - BHV;R04;15
V1805;G4;c.RISCO ALTO;HVI3;R01;G4 - BHV;R04;15
V1805;G4;a.RISCO BAIXO;HVI3;R01;G4 - BHV;R04;15
V1805;G4;a.RISCO BAIXO;HVI3;R01;G4 - BHV;R05;15
V1805;G4;b.RISCO NEUTRO;HVI3;R01;G4 - BHV;R05;15
V1805;G4;c.RISCO ALTO;HVI3;R01;G4 - BHV;R05;15
V1805;G4;a.RISCO BAIXO;HVI3;R01;G4 - BHV;R06;15
V1805;G4;b.RISCO NEUTRO;HVI3;R01;G4 - BHV;R06;15
V1805;G4;c.RISCO ALTO;HVI3;R01;G4 - BHV;R06;15
V1805;G4;a.RISCO BAIXO;HVI3;R01;G4 - BHV;R07;15
V1805;G4;b.RISCO NEUTRO;HVI3;R01;G4 - BHV;R07;15
V1805;G4;c.RISCO ALTO;HVI3;R01;G4 - BHV;R07;15
V1805;G4;c.RISCO ALTO;HVI3;R01;G4 - BHV;R08;15
V1805;G4;b.RISCO NEUTRO;HVI3;R01;G4 - BHV;R08;15
V1805;G4;a.RISCO BAIXO;HVI3;R01;G4 - BHV;R08;15
V1805;G4;b.RISCO NEUTRO;HVI3;R01;G4 - BHV;R09;15
V1805;G4;a.RISCO BAIXO;HVI3;R01;G4 - BHV;R09;15
V1805;G4;c.RISCO ALTO;HVI3;R01;G4 - BHV;R09;15
V1805;G4;a.RISCO BAIXO;HVI3;R01;G4 - BHV;R10;15
V1805;G4;b.RISCO NEUTRO;HVI3;R01;G4 - BHV;R10;15
V1805;G4;c.RISCO ALTO;HVI3;R01;G4 - BHV;R10;15
V1805;G4;c.RISCO ALTO;HVI3;R01;G4 - BHV;R11;15
V1805;G4;b.RISCO NEUTRO;HVI3;R01;G4 - BHV;R11;15
V1805;G4;a.RISCO BAIXO;HVI3;R01;G4 - BHV;R11;15
V1805;G4;a.RISCO BAIXO;HVI3;R01;G4 - BHV;R12;15
V1805;G4;c.RISCO ALTO;HVI3;R01;G4 - BHV;R12;15
V1805;G4;b.RISCO NEUTRO;HVI3;R01;G4 - BHV;R12;15
V1805;G4;b.RISCO NEUTRO;HVI3;R01;G4 - BHV;R13;15
V1805;G4;a.RISCO BAIXO;HVI3;R01;G4 - BHV;R13;15
V1805;G4;c.RISCO ALTO;HVI3;R01;G4 - BHV;R13;15
V1805;G4;a.RISCO BAIXO;HVI3;R01;G4 - BHV;R14;15
V1805;G4;b.RISCO NEUTRO;HVI3;R01;G4 - BHV;R14;15
V1805;G4;c.RISCO ALTO;HVI3;R01;G4 - BHV;R14;15
V1805;G4;a.RISCO BAIXO;HVI3;R01;G4 - BHV;R15;15
V1805;G4;b.RISCO NEUTRO;HVI3;R01;G4 - BHV;R15;15
V1805;G4;c.RISCO ALTO;HVI3;R01;G4 - BHV;R15;15
V1805;G4;c.RISCO ALTO;HVI3;R01;G4 - BHV;R16;15
V1805;G4;b.RISCO NEUTRO;HVI3;R01;G4 - BHV;R16;15
V1805;G4;a.RISCO BAIXO;HVI3;R01;G4 - BHV;R16;15
V1805;G4;c.RISCO ALTO;HVI3;R01;G4 - BHV;R17;15
V1805;G4;b.RISCO NEUTRO;HVI3;R01;G4 - BHV;R17;15
V1805;G4;a.RISCO BAIXO;HVI3;R01;G4 - BHV;R17;15
V1805;G4;b.RISCO NEUTRO;HVI3;R01;G4 - BHV;R18;15
V1805;G4;c.RISCO ALTO;HVI3;R01;G4 - BHV;R18;15
V1805;G4;a.RISCO BAIXO;HVI3;R01;G4 - BHV;R18;15
V1805;G4;b.RISCO NEUTRO;HVI3;R01;G4 - BHV;R19;15
V1805;G4;c.RISCO ALTO;HVI3;R01;G4 - BHV;R19;15
V1805;G4;a.RISCO BAIXO;HVI3;R01;G4 - BHV;R19;15
V1805;G4;b.RISCO NEUTRO;HVI3;R01;G4 - BHV;R20;15
V1805;G4;c.RISCO ALTO;HVI3;R01;G4 - BHV;R20;15
V1805;G4;a.RISCO BAIXO;HVI3;R01;G4 - BHV;R20;15
V1805;G4;b.RISCO NEUTRO;HVI3;R01;G4 - BHV;R21;15
V1805;G4;c.RISCO ALTO;HVI3;R01;G4 - BHV;R21;15
V1805;G4;a.RISCO BAIXO;HVI3;R01;G4 - BHV;R21;15
V1805;G4;c.RISCO ALTO;HVI3;R01;G4 - BHV;R22;15
V1805;G4;b.RISCO NEUTRO;HVI3;R01;G4 - BHV;R22;15
V1805;G4;a.RISCO BAIXO;HVI3;R01;G4 - BHV;R22;15
V1805;G4;b.RISCO NEUTRO;HVI3;R01;G4 - BHV;R23;15
V1805;G4;c.RISCO ALTO;HVI3;R01;G4 - BHV;R23;15
V1805;G4;a.RISCO BAIXO;HVI3;R01;G4 - BHV;R23;15
V1805;G4;b.RISCO NEUTRO;HVI3;R01;G4 - BHV;R24;15
V1805;G4;c.RISCO ALTO;HVI3;R01;G4 - BHV;R24;15
V1805;G4;a.RISCO BAIXO;HVI3;R01;G4 - BHV;R24;15
V1805;G4;b.RISCO NEUTRO;HVI3;R01;G4 - BHV;R25;15
V1805;G4;a.RISCO BAIXO;HVI3;R01;G4 - BHV;R25;15
V1805;G4;c.RISCO ALTO;HVI3;R01;G4 - BHV;R25;15
V1805;G3;c.RISCO ALTO;HVI3;R01;Restritivos;COM RESTRITIVOS;15
V1805;G3;b.RISCO NEUTRO;HVI3;R01;Restritivos;COM RESTRITIVOS;15
V1805;G3;a.RISCO BAIXO;HVI3;R01;Restritivos;COM RESTRITIVOS;15
V1805;G3;c.RISCO ALTO;HVI3;R02;Restritivos;COM RESTRITIVOS;15
V1805;G3;a.RISCO BAIXO;HVI3;R02;Restritivos;COM RESTRITIVOS;15
V1805;G3;b.RISCO NEUTRO;HVI3;R02;Restritivos;COM RESTRITIVOS;15
V1805;G4;b.RISCO NEUTRO;HVI3;R02;G4 - BHV;R01;15
V1805;G4;c.RISCO ALTO;HVI3;R02;G4 - BHV;R01;15
V1805;G4;a.RISCO BAIXO;HVI3;R02;G4 - BHV;R01;15
V1805;G4;b.RISCO NEUTRO;HVI3;R02;G4 - BHV;R02;15
V1805;G4;c.RISCO ALTO;HVI3;R02;G4 - BHV;R02;15
V1805;G4;a.RISCO BAIXO;HVI3;R02;G4 - BHV;R02;15
V1805;G4;a.RISCO BAIXO;HVI3;R02;G4 - BHV;R03;15
V1805;G4;b.RISCO NEUTRO;HVI3;R02;G4 - BHV;R03;15
V1805;G4;c.RISCO ALTO;HVI3;R02;G4 - BHV;R03;15
V1805;G4;b.RISCO NEUTRO;HVI3;R02;G4 - BHV;R04;15
V1805;G4;c.RISCO ALTO;HVI3;R02;G4 - BHV;R04;15
V1805;G4;a.RISCO BAIXO;HVI3;R02;G4 - BHV;R04;15
V1805;G4;c.RISCO ALTO;HVI3;R02;G4 - BHV;R05;15
V1805;G4;b.RISCO NEUTRO;HVI3;R02;G4 - BHV;R05;15
V1805;G4;a.RISCO BAIXO;HVI3;R02;G4 - BHV;R05;15
V1805;G4;a.RISCO BAIXO;HVI3;R02;G4 - BHV;R06;15
V1805;G4;b.RISCO NEUTRO;HVI3;R02;G4 - BHV;R06;15
V1805;G4;c.RISCO ALTO;HVI3;R02;G4 - BHV;R06;15
V1805;G4;b.RISCO NEUTRO;HVI3;R02;G4 - BHV;R07;15
V1805;G4;c.RISCO ALTO;HVI3;R02;G4 - BHV;R07;15
V1805;G4;a.RISCO BAIXO;HVI3;R02;G4 - BHV;R07;15
V1805;G4;a.RISCO BAIXO;HVI3;R02;G4 - BHV;R08;15
V1805;G4;b.RISCO NEUTRO;HVI3;R02;G4 - BHV;R08;15
V1805;G4;c.RISCO ALTO;HVI3;R02;G4 - BHV;R08;15
V1805;G4;a.RISCO BAIXO;HVI3;R02;G4 - BHV;R09;15
V1805;G4;b.RISCO NEUTRO;HVI3;R02;G4 - BHV;R09;15
V1805;G4;c.RISCO ALTO;HVI3;R02;G4 - BHV;R09;15
V1805;G4;b.RISCO NEUTRO;HVI3;R02;G4 - BHV;R10;15
V1805;G4;c.RISCO ALTO;HVI3;R02;G4 - BHV;R10;15
V1805;G4;a.RISCO BAIXO;HVI3;R02;G4 - BHV;R10;15
V1805;G4;b.RISCO NEUTRO;HVI3;R02;G4 - BHV;R11;15
V1805;G4;a.RISCO BAIXO;HVI3;R02;G4 - BHV;R11;15
V1805;G4;c.RISCO ALTO;HVI3;R02;G4 - BHV;R11;15
V1805;G4;b.RISCO NEUTRO;HVI3;R02;G4 - BHV;R12;15
V1805;G4;a.RISCO BAIXO;HVI3;R02;G4 - BHV;R12;15
V1805;G4;c.RISCO ALTO;HVI3;R02;G4 - BHV;R12;15
V1805;G4;b.RISCO NEUTRO;HVI3;R02;G4 - BHV;R13;15
V1805;G4;a.RISCO BAIXO;HVI3;R02;G4 - BHV;R13;15
V1805;G4;c.RISCO ALTO;HVI3;R02;G4 - BHV;R13;15
V1805;G4;b.RISCO NEUTRO;HVI3;R02;G4 - BHV;R14;15
V1805;G4;c.RISCO ALTO;HVI3;R02;G4 - BHV;R14;15
V1805;G4;a.RISCO BAIXO;HVI3;R02;G4 - BHV;R14;15
V1805;G4;b.RISCO NEUTRO;HVI3;R02;G4 - BHV;R15;15
V1805;G4;c.RISCO ALTO;HVI3;R02;G4 - BHV;R15;15
V1805;G4;a.RISCO BAIXO;HVI3;R02;G4 - BHV;R15;15
V1805;G4;c.RISCO ALTO;HVI3;R02;G4 - BHV;R16;15
V1805;G4;b.RISCO NEUTRO;HVI3;R02;G4 - BHV;R16;15
V1805;G4;a.RISCO BAIXO;HVI3;R02;G4 - BHV;R16;15
V1805;G4;b.RISCO NEUTRO;HVI3;R02;G4 - BHV;R17;15
V1805;G4;c.RISCO ALTO;HVI3;R02;G4 - BHV;R17;15
V1805;G4;a.RISCO BAIXO;HVI3;R02;G4 - BHV;R17;15
V1805;G4;a.RISCO BAIXO;HVI3;R02;G4 - BHV;R18;15
V1805;G4;b.RISCO NEUTRO;HVI3;R02;G4 - BHV;R18;15
V1805;G4;c.RISCO ALTO;HVI3;R02;G4 - BHV;R18;15
V1805;G4;b.RISCO NEUTRO;HVI3;R02;G4 - BHV;R19;15
V1805;G4;c.RISCO ALTO;HVI3;R02;G4 - BHV;R19;15
V1805;G4;a.RISCO BAIXO;HVI3;R02;G4 - BHV;R19;15
V1805;G4;a.RISCO BAIXO;HVI3;R02;G4 - BHV;R20;15
V1805;G4;b.RISCO NEUTRO;HVI3;R02;G4 - BHV;R20;15
V1805;G4;c.RISCO ALTO;HVI3;R02;G4 - BHV;R20;15
V1805;G4;c.RISCO ALTO;HVI3;R02;G4 - BHV;R21;15
V1805;G4;a.RISCO BAIXO;HVI3;R02;G4 - BHV;R21;15
V1805;G4;b.RISCO NEUTRO;HVI3;R02;G4 - BHV;R21;15
V1805;G4;b.RISCO NEUTRO;HVI3;R02;G4 - BHV;R22;15
V1805;G4;a.RISCO BAIXO;HVI3;R02;G4 - BHV;R22;15
V1805;G4;c.RISCO ALTO;HVI3;R02;G4 - BHV;R22;15
V1805;G4;b.RISCO NEUTRO;HVI3;R02;G4 - BHV;R23;15
V1805;G4;a.RISCO BAIXO;HVI3;R02;G4 - BHV;R23;15
V1805;G4;c.RISCO ALTO;HVI3;R02;G4 - BHV;R23;15
V1805;G4;b.RISCO NEUTRO;HVI3;R02;G4 - BHV;R24;15
V1805;G4;a.RISCO BAIXO;HVI3;R02;G4 - BHV;R24;15
V1805;G4;c.RISCO ALTO;HVI3;R02;G4 - BHV;R24;15
V1805;G4;a.RISCO BAIXO;HVI3;R02;G4 - BHV;R25;15
V1805;G4;b.RISCO NEUTRO;HVI3;R02;G4 - BHV;R25;15
V1805;G4;c.RISCO ALTO;HVI3;R02;G4 - BHV;R25;15
V1805;G3;a.RISCO BAIXO;HVI3;R03;Restritivos;COM RESTRITIVOS;15
V1805;G3;c.RISCO ALTO;HVI3;R03;Restritivos;COM RESTRITIVOS;15
V1805;G3;b.RISCO NEUTRO;HVI3;R03;Restritivos;COM RESTRITIVOS;15
V1805;G3;b.RISCO NEUTRO;HVI3;R04;Restritivos;COM RESTRITIVOS;15
V1805;G3;c.RISCO ALTO;HVI3;R04;Restritivos;COM RESTRITIVOS;15
V1805;G3;a.RISCO BAIXO;HVI3;R04;Restritivos;COM RESTRITIVOS;15
V1805;G4;b.RISCO NEUTRO;HVI3;R03;G4 - BHV;R01;15
V1805;G4;c.RISCO ALTO;HVI3;R03;G4 - BHV;R01;15
V1805;G4;a.RISCO BAIXO;HVI3;R03;G4 - BHV;R01;15
V1805;G4;b.RISCO NEUTRO;HVI3;R03;G4 - BHV;R02;15
V1805;G4;c.RISCO ALTO;HVI3;R03;G4 - BHV;R02;15
V1805;G4;a.RISCO BAIXO;HVI3;R03;G4 - BHV;R02;15
V1805;G4;b.RISCO NEUTRO;HVI3;R03;G4 - BHV;R03;15
V1805;G4;a.RISCO BAIXO;HVI3;R03;G4 - BHV;R03;15
V1805;G4;c.RISCO ALTO;HVI3;R03;G4 - BHV;R03;15
V1805;G4;b.RISCO NEUTRO;HVI3;R03;G4 - BHV;R04;15
V1805;G4;c.RISCO ALTO;HVI3;R03;G4 - BHV;R04;15
V1805;G4;a.RISCO BAIXO;HVI3;R03;G4 - BHV;R04;15
V1805;G4;b.RISCO NEUTRO;HVI3;R03;G4 - BHV;R05;15
V1805;G4;a.RISCO BAIXO;HVI3;R03;G4 - BHV;R05;15
V1805;G4;c.RISCO ALTO;HVI3;R03;G4 - BHV;R05;15
V1805;G4;a.RISCO BAIXO;HVI3;R03;G4 - BHV;R06;15
V1805;G4;b.RISCO NEUTRO;HVI3;R03;G4 - BHV;R06;15
V1805;G4;c.RISCO ALTO;HVI3;R03;G4 - BHV;R06;15
V1805;G4;c.RISCO ALTO;HVI3;R03;G4 - BHV;R07;15
V1805;G4;b.RISCO NEUTRO;HVI3;R03;G4 - BHV;R07;15
V1805;G4;a.RISCO BAIXO;HVI3;R03;G4 - BHV;R07;15
V1805;G4;c.RISCO ALTO;HVI3;R03;G4 - BHV;R08;15
V1805;G4;b.RISCO NEUTRO;HVI3;R03;G4 - BHV;R08;15
V1805;G4;a.RISCO BAIXO;HVI3;R03;G4 - BHV;R08;15
V1805;G4;c.RISCO ALTO;HVI3;R03;G4 - BHV;R09;15
V1805;G4;b.RISCO NEUTRO;HVI3;R03;G4 - BHV;R09;15
V1805;G4;a.RISCO BAIXO;HVI3;R03;G4 - BHV;R09;15
V1805;G4;b.RISCO NEUTRO;HVI3;R03;G4 - BHV;R10;15
V1805;G4;c.RISCO ALTO;HVI3;R03;G4 - BHV;R10;15
V1805;G4;a.RISCO BAIXO;HVI3;R03;G4 - BHV;R10;15
V1805;G4;a.RISCO BAIXO;HVI3;R03;G4 - BHV;R11;15
V1805;G4;c.RISCO ALTO;HVI3;R03;G4 - BHV;R11;15
V1805;G4;b.RISCO NEUTRO;HVI3;R03;G4 - BHV;R11;15
V1805;G4;b.RISCO NEUTRO;HVI3;R03;G4 - BHV;R12;15
V1805;G4;c.RISCO ALTO;HVI3;R03;G4 - BHV;R12;15
V1805;G4;a.RISCO BAIXO;HVI3;R03;G4 - BHV;R12;15
V1805;G4;b.RISCO NEUTRO;HVI3;R03;G4 - BHV;R13;15
V1805;G4;c.RISCO ALTO;HVI3;R03;G4 - BHV;R13;15
V1805;G4;a.RISCO BAIXO;HVI3;R03;G4 - BHV;R13;15
V1805;G4;c.RISCO ALTO;HVI3;R03;G4 - BHV;R14;15
V1805;G4;b.RISCO NEUTRO;HVI3;R03;G4 - BHV;R14;15
V1805;G4;a.RISCO BAIXO;HVI3;R03;G4 - BHV;R14;15
V1805;G4;c.RISCO ALTO;HVI3;R03;G4 - BHV;R15;15
V1805;G4;a.RISCO BAIXO;HVI3;R03;G4 - BHV;R15;15
V1805;G4;b.RISCO NEUTRO;HVI3;R03;G4 - BHV;R15;15
V1805;G4;b.RISCO NEUTRO;HVI3;R03;G4 - BHV;R16;15
V1805;G4;c.RISCO ALTO;HVI3;R03;G4 - BHV;R16;15
V1805;G4;a.RISCO BAIXO;HVI3;R03;G4 - BHV;R16;15
V1805;G4;b.RISCO NEUTRO;HVI3;R03;G4 - BHV;R17;15
V1805;G4;c.RISCO ALTO;HVI3;R03;G4 - BHV;R17;15
V1805;G4;a.RISCO BAIXO;HVI3;R03;G4 - BHV;R17;15
V1805;G4;b.RISCO NEUTRO;HVI3;R03;G4 - BHV;R18;15
V1805;G4;c.RISCO ALTO;HVI3;R03;G4 - BHV;R18;15
V1805;G4;a.RISCO BAIXO;HVI3;R03;G4 - BHV;R18;15
V1805;G4;b.RISCO NEUTRO;HVI3;R03;G4 - BHV;R19;15
V1805;G4;a.RISCO BAIXO;HVI3;R03;G4 - BHV;R19;15
V1805;G4;c.RISCO ALTO;HVI3;R03;G4 - BHV;R19;15
V1805;G4;b.RISCO NEUTRO;HVI3;R03;G4 - BHV;R20;15
V1805;G4;a.RISCO BAIXO;HVI3;R03;G4 - BHV;R20;15
V1805;G4;c.RISCO ALTO;HVI3;R03;G4 - BHV;R20;15
V1805;G4;b.RISCO NEUTRO;HVI3;R03;G4 - BHV;R21;15
V1805;G4;a.RISCO BAIXO;HVI3;R03;G4 - BHV;R21;15
V1805;G4;c.RISCO ALTO;HVI3;R03;G4 - BHV;R21;15
V1805;G4;b.RISCO NEUTRO;HVI3;R03;G4 - BHV;R22;15
V1805;G4;a.RISCO BAIXO;HVI3;R03;G4 - BHV;R22;15
V1805;G4;c.RISCO ALTO;HVI3;R03;G4 - BHV;R22;15
V1805;G4;b.RISCO NEUTRO;HVI3;R03;G4 - BHV;R23;15
V1805;G4;c.RISCO ALTO;HVI3;R03;G4 - BHV;R23;15
V1805;G4;a.RISCO BAIXO;HVI3;R03;G4 - BHV;R23;15
V1805;G4;b.RISCO NEUTRO;HVI3;R03;G4 - BHV;R24;15
V1805;G4;c.RISCO ALTO;HVI3;R03;G4 - BHV;R24;15
V1805;G4;a.RISCO BAIXO;HVI3;R03;G4 - BHV;R24;15
V1805;G4;c.RISCO ALTO;HVI3;R03;G4 - BHV;R25;15
V1805;G4;b.RISCO NEUTRO;HVI3;R03;G4 - BHV;R25;15
V1805;G4;a.RISCO BAIXO;HVI3;R03;G4 - BHV;R25;15
V1805;G3;c.RISCO ALTO;HVI3;R05;Restritivos;COM RESTRITIVOS;15
V1805;G3;a.RISCO BAIXO;HVI3;R05;Restritivos;COM RESTRITIVOS;15
V1805;G3;b.RISCO NEUTRO;HVI3;R05;Restritivos;COM RESTRITIVOS;15
V1805;G3;b.RISCO NEUTRO;HVI3;R06;Restritivos;COM RESTRITIVOS;15
V1805;G3;c.RISCO ALTO;HVI3;R06;Restritivos;COM RESTRITIVOS;15
V1805;G3;a.RISCO BAIXO;HVI3;R06;Restritivos;COM RESTRITIVOS;15
V1805;G4;b.RISCO NEUTRO;HVI3;R04;G4 - BHV;R01;15
V1805;G4;c.RISCO ALTO;HVI3;R04;G4 - BHV;R01;15
V1805;G4;a.RISCO BAIXO;HVI3;R04;G4 - BHV;R01;15
V1805;G4;b.RISCO NEUTRO;HVI3;R04;G4 - BHV;R02;15
V1805;G4;c.RISCO ALTO;HVI3;R04;G4 - BHV;R02;15
V1805;G4;a.RISCO BAIXO;HVI3;R04;G4 - BHV;R02;15
V1805;G4;c.RISCO ALTO;HVI3;R04;G4 - BHV;R03;15
V1805;G4;b.RISCO NEUTRO;HVI3;R04;G4 - BHV;R03;15
V1805;G4;a.RISCO BAIXO;HVI3;R04;G4 - BHV;R03;15
V1805;G4;b.RISCO NEUTRO;HVI3;R04;G4 - BHV;R04;15
V1805;G4;c.RISCO ALTO;HVI3;R04;G4 - BHV;R04;15
V1805;G4;a.RISCO BAIXO;HVI3;R04;G4 - BHV;R04;15
V1805;G4;b.RISCO NEUTRO;HVI3;R04;G4 - BHV;R05;15
V1805;G4;c.RISCO ALTO;HVI3;R04;G4 - BHV;R05;15
V1805;G4;a.RISCO BAIXO;HVI3;R04;G4 - BHV;R05;15
V1805;G4;b.RISCO NEUTRO;HVI3;R04;G4 - BHV;R06;15
V1805;G4;c.RISCO ALTO;HVI3;R04;G4 - BHV;R06;15
V1805;G4;a.RISCO BAIXO;HVI3;R04;G4 - BHV;R06;15
V1805;G4;b.RISCO NEUTRO;HVI3;R04;G4 - BHV;R07;15
V1805;G4;c.RISCO ALTO;HVI3;R04;G4 - BHV;R07;15
V1805;G4;a.RISCO BAIXO;HVI3;R04;G4 - BHV;R07;15
V1805;G4;c.RISCO ALTO;HVI3;R04;G4 - BHV;R08;15
V1805;G4;a.RISCO BAIXO;HVI3;R04;G4 - BHV;R08;15
V1805;G4;b.RISCO NEUTRO;HVI3;R04;G4 - BHV;R08;15
V1805;G4;a.RISCO BAIXO;HVI3;R04;G4 - BHV;R09;15
V1805;G4;c.RISCO ALTO;HVI3;R04;G4 - BHV;R09;15
V1805;G4;b.RISCO NEUTRO;HVI3;R04;G4 - BHV;R09;15
V1805;G4;b.RISCO NEUTRO;HVI3;R04;G4 - BHV;R10;15
V1805;G4;c.RISCO ALTO;HVI3;R04;G4 - BHV;R10;15
V1805;G4;a.RISCO BAIXO;HVI3;R04;G4 - BHV;R10;15
V1805;G4;b.RISCO NEUTRO;HVI3;R04;G4 - BHV;R11;15
V1805;G4;c.RISCO ALTO;HVI3;R04;G4 - BHV;R11;15
V1805;G4;a.RISCO BAIXO;HVI3;R04;G4 - BHV;R11;15
V1805;G4;b.RISCO NEUTRO;HVI3;R04;G4 - BHV;R12;15
V1805;G4;a.RISCO BAIXO;HVI3;R04;G4 - BHV;R12;15
V1805;G4;c.RISCO ALTO;HVI3;R04;G4 - BHV;R12;15
V1805;G4;a.RISCO BAIXO;HVI3;R04;G4 - BHV;R13;15
V1805;G4;b.RISCO NEUTRO;HVI3;R04;G4 - BHV;R13;15
V1805;G4;c.RISCO ALTO;HVI3;R04;G4 - BHV;R13;15
V1805;G4;c.RISCO ALTO;HVI3;R04;G4 - BHV;R14;15
V1805;G4;b.RISCO NEUTRO;HVI3;R04;G4 - BHV;R14;15
V1805;G4;a.RISCO BAIXO;HVI3;R04;G4 - BHV;R14;15
V1805;G4;c.RISCO ALTO;HVI3;R04;G4 - BHV;R15;15
V1805;G4;b.RISCO NEUTRO;HVI3;R04;G4 - BHV;R15;15
V1805;G4;a.RISCO BAIXO;HVI3;R04;G4 - BHV;R15;15
V1805;G4;b.RISCO NEUTRO;HVI3;R04;G4 - BHV;R16;15
V1805;G4;a.RISCO BAIXO;HVI3;R04;G4 - BHV;R16;15
V1805;G4;c.RISCO ALTO;HVI3;R04;G4 - BHV;R16;15
V1805;G4;b.RISCO NEUTRO;HVI3;R04;G4 - BHV;R17;15
V1805;G4;c.RISCO ALTO;HVI3;R04;G4 - BHV;R17;15
V1805;G4;a.RISCO BAIXO;HVI3;R04;G4 - BHV;R17;15
V1805;G4;b.RISCO NEUTRO;HVI3;R04;G4 - BHV;R18;15
V1805;G4;a.RISCO BAIXO;HVI3;R04;G4 - BHV;R18;15
V1805;G4;c.RISCO ALTO;HVI3;R04;G4 - BHV;R18;15
V1805;G4;b.RISCO NEUTRO;HVI3;R04;G4 - BHV;R19;15
V1805;G4;a.RISCO BAIXO;HVI3;R04;G4 - BHV;R19;15
V1805;G4;c.RISCO ALTO;HVI3;R04;G4 - BHV;R19;15
V1805;G4;a.RISCO BAIXO;HVI3;R04;G4 - BHV;R20;15
V1805;G4;b.RISCO NEUTRO;HVI3;R04;G4 - BHV;R20;15
V1805;G4;c.RISCO ALTO;HVI3;R04;G4 - BHV;R20;15
V1805;G4;b.RISCO NEUTRO;HVI3;R04;G4 - BHV;R21;15
V1805;G4;a.RISCO BAIXO;HVI3;R04;G4 - BHV;R21;15
V1805;G4;c.RISCO ALTO;HVI3;R04;G4 - BHV;R21;15
V1805;G4;b.RISCO NEUTRO;HVI3;R04;G4 - BHV;R22;15
V1805;G4;c.RISCO ALTO;HVI3;R04;G4 - BHV;R22;15
V1805;G4;a.RISCO BAIXO;HVI3;R04;G4 - BHV;R22;15
V1805;G4;b.RISCO NEUTRO;HVI3;R04;G4 - BHV;R23;15
V1805;G4;a.RISCO BAIXO;HVI3;R04;G4 - BHV;R23;15
V1805;G4;c.RISCO ALTO;HVI3;R04;G4 - BHV;R23;15
V1805;G4;b.RISCO NEUTRO;HVI3;R04;G4 - BHV;R24;15
V1805;G4;c.RISCO ALTO;HVI3;R04;G4 - BHV;R24;15
V1805;G4;a.RISCO BAIXO;HVI3;R04;G4 - BHV;R24;15
V1805;G4;b.RISCO NEUTRO;HVI3;R04;G4 - BHV;R25;15
V1805;G4;a.RISCO BAIXO;HVI3;R04;G4 - BHV;R25;15
V1805;G4;c.RISCO ALTO;HVI3;R04;G4 - BHV;R25;15
V1805;G3;a.RISCO BAIXO;HVI3;R07;Restritivos;COM RESTRITIVOS;15
V1805;G3;b.RISCO NEUTRO;HVI3;R07;Restritivos;COM RESTRITIVOS;15
V1805;G3;c.RISCO ALTO;HVI3;R07;Restritivos;COM RESTRITIVOS;15
V1805;G3;a.RISCO BAIXO;HVI3;R08;Restritivos;COM RESTRITIVOS;12
V1805;G3;c.RISCO ALTO;HVI3;R08;Restritivos;COM RESTRITIVOS;12
V1805;G3;b.RISCO NEUTRO;HVI3;R08;Restritivos;COM RESTRITIVOS;12
V1805;G4;b.RISCO NEUTRO;HVI3;R05;G4 - BHV;R01;15
V1805;G4;c.RISCO ALTO;HVI3;R05;G4 - BHV;R01;15
V1805;G4;a.RISCO BAIXO;HVI3;R05;G4 - BHV;R01;15
V1805;G4;b.RISCO NEUTRO;HVI3;R05;G4 - BHV;R02;15
V1805;G4;c.RISCO ALTO;HVI3;R05;G4 - BHV;R02;15
V1805;G4;a.RISCO BAIXO;HVI3;R05;G4 - BHV;R02;15
V1805;G4;c.RISCO ALTO;HVI3;R05;G4 - BHV;R03;15
V1805;G4;b.RISCO NEUTRO;HVI3;R05;G4 - BHV;R03;15
V1805;G4;a.RISCO BAIXO;HVI3;R05;G4 - BHV;R03;15
V1805;G4;b.RISCO NEUTRO;HVI3;R05;G4 - BHV;R04;15
V1805;G4;a.RISCO BAIXO;HVI3;R05;G4 - BHV;R04;15
V1805;G4;c.RISCO ALTO;HVI3;R05;G4 - BHV;R04;15
V1805;G4;b.RISCO NEUTRO;HVI3;R05;G4 - BHV;R05;15
V1805;G4;c.RISCO ALTO;HVI3;R05;G4 - BHV;R05;15
V1805;G4;a.RISCO BAIXO;HVI3;R05;G4 - BHV;R05;15
V1805;G4;b.RISCO NEUTRO;HVI3;R05;G4 - BHV;R06;15
V1805;G4;c.RISCO ALTO;HVI3;R05;G4 - BHV;R06;15
V1805;G4;a.RISCO BAIXO;HVI3;R05;G4 - BHV;R06;15
V1805;G4;c.RISCO ALTO;HVI3;R05;G4 - BHV;R07;15
V1805;G4;b.RISCO NEUTRO;HVI3;R05;G4 - BHV;R07;15
V1805;G4;a.RISCO BAIXO;HVI3;R05;G4 - BHV;R07;15
V1805;G4;b.RISCO NEUTRO;HVI3;R05;G4 - BHV;R08;15
V1805;G4;a.RISCO BAIXO;HVI3;R05;G4 - BHV;R08;15
V1805;G4;c.RISCO ALTO;HVI3;R05;G4 - BHV;R08;15
V1805;G4;c.RISCO ALTO;HVI3;R05;G4 - BHV;R09;15
V1805;G4;b.RISCO NEUTRO;HVI3;R05;G4 - BHV;R09;15
V1805;G4;a.RISCO BAIXO;HVI3;R05;G4 - BHV;R09;15
V1805;G4;b.RISCO NEUTRO;HVI3;R05;G4 - BHV;R10;15
V1805;G4;c.RISCO ALTO;HVI3;R05;G4 - BHV;R10;15
V1805;G4;a.RISCO BAIXO;HVI3;R05;G4 - BHV;R10;15
V1805;G4;b.RISCO NEUTRO;HVI3;R05;G4 - BHV;R11;15
V1805;G4;c.RISCO ALTO;HVI3;R05;G4 - BHV;R11;15
V1805;G4;a.RISCO BAIXO;HVI3;R05;G4 - BHV;R11;15
V1805;G4;b.RISCO NEUTRO;HVI3;R05;G4 - BHV;R12;15
V1805;G4;a.RISCO BAIXO;HVI3;R05;G4 - BHV;R12;15
V1805;G4;c.RISCO ALTO;HVI3;R05;G4 - BHV;R12;15
V1805;G4;c.RISCO ALTO;HVI3;R05;G4 - BHV;R13;15
V1805;G4;b.RISCO NEUTRO;HVI3;R05;G4 - BHV;R13;15
V1805;G4;a.RISCO BAIXO;HVI3;R05;G4 - BHV;R13;15
V1805;G4;b.RISCO NEUTRO;HVI3;R05;G4 - BHV;R14;15
V1805;G4;c.RISCO ALTO;HVI3;R05;G4 - BHV;R14;15
V1805;G4;a.RISCO BAIXO;HVI3;R05;G4 - BHV;R14;15
V1805;G4;b.RISCO NEUTRO;HVI3;R05;G4 - BHV;R15;15
V1805;G4;c.RISCO ALTO;HVI3;R05;G4 - BHV;R15;15
V1805;G4;a.RISCO BAIXO;HVI3;R05;G4 - BHV;R15;15
V1805;G4;b.RISCO NEUTRO;HVI3;R05;G4 - BHV;R16;15
V1805;G4;a.RISCO BAIXO;HVI3;R05;G4 - BHV;R16;15
V1805;G4;c.RISCO ALTO;HVI3;R05;G4 - BHV;R16;15
V1805;G4;b.RISCO NEUTRO;HVI3;R05;G4 - BHV;R17;15
V1805;G4;c.RISCO ALTO;HVI3;R05;G4 - BHV;R17;15
V1805;G4;a.RISCO BAIXO;HVI3;R05;G4 - BHV;R17;15
V1805;G4;b.RISCO NEUTRO;HVI3;R05;G4 - BHV;R18;15
V1805;G4;c.RISCO ALTO;HVI3;R05;G4 - BHV;R18;15
V1805;G4;a.RISCO BAIXO;HVI3;R05;G4 - BHV;R18;15
V1805;G4;c.RISCO ALTO;HVI3;R05;G4 - BHV;R19;15
V1805;G4;b.RISCO NEUTRO;HVI3;R05;G4 - BHV;R19;15
V1805;G4;a.RISCO BAIXO;HVI3;R05;G4 - BHV;R19;15
V1805;G4;b.RISCO NEUTRO;HVI3;R05;G4 - BHV;R20;15
V1805;G4;a.RISCO BAIXO;HVI3;R05;G4 - BHV;R20;15
V1805;G4;c.RISCO ALTO;HVI3;R05;G4 - BHV;R20;15
V1805;G4;a.RISCO BAIXO;HVI3;R05;G4 - BHV;R21;15
V1805;G4;b.RISCO NEUTRO;HVI3;R05;G4 - BHV;R21;15
V1805;G4;c.RISCO ALTO;HVI3;R05;G4 - BHV;R21;15
V1805;G4;b.RISCO NEUTRO;HVI3;R05;G4 - BHV;R22;15
V1805;G4;a.RISCO BAIXO;HVI3;R05;G4 - BHV;R22;15
V1805;G4;c.RISCO ALTO;HVI3;R05;G4 - BHV;R22;15
V1805;G4;b.RISCO NEUTRO;HVI3;R05;G4 - BHV;R23;15
V1805;G4;a.RISCO BAIXO;HVI3;R05;G4 - BHV;R23;15
V1805;G4;c.RISCO ALTO;HVI3;R05;G4 - BHV;R23;15
V1805;G4;b.RISCO NEUTRO;HVI3;R05;G4 - BHV;R24;15
V1805;G4;a.RISCO BAIXO;HVI3;R05;G4 - BHV;R24;15
V1805;G4;c.RISCO ALTO;HVI3;R05;G4 - BHV;R24;15
V1805;G4;a.RISCO BAIXO;HVI3;R05;G4 - BHV;R25;15
V1805;G4;c.RISCO ALTO;HVI3;R05;G4 - BHV;R25;15
V1805;G4;b.RISCO NEUTRO;HVI3;R05;G4 - BHV;R25;15
V1805;G3;a.RISCO BAIXO;HVI3;R09;Restritivos;COM RESTRITIVOS;12
V1805;G3;b.RISCO NEUTRO;HVI3;R09;Restritivos;COM RESTRITIVOS;12
V1805;G3;c.RISCO ALTO;HVI3;R09;Restritivos;COM RESTRITIVOS;12
V1805;G3;b.RISCO NEUTRO;HVI3;R10;Restritivos;COM RESTRITIVOS;8
V1805;G3;c.RISCO ALTO;HVI3;R10;Restritivos;COM RESTRITIVOS;8
V1805;G3;a.RISCO BAIXO;HVI3;R10;Restritivos;COM RESTRITIVOS;8
V1805;G4;b.RISCO NEUTRO;HVI3;R06;G4 - BHV;R01;15
V1805;G4;a.RISCO BAIXO;HVI3;R06;G4 - BHV;R01;15
V1805;G4;c.RISCO ALTO;HVI3;R06;G4 - BHV;R01;15
V1805;G4;b.RISCO NEUTRO;HVI3;R06;G4 - BHV;R02;15
V1805;G4;a.RISCO BAIXO;HVI3;R06;G4 - BHV;R02;15
V1805;G4;c.RISCO ALTO;HVI3;R06;G4 - BHV;R02;15
V1805;G4;b.RISCO NEUTRO;HVI3;R06;G4 - BHV;R03;15
V1805;G4;a.RISCO BAIXO;HVI3;R06;G4 - BHV;R03;15
V1805;G4;c.RISCO ALTO;HVI3;R06;G4 - BHV;R03;15
V1805;G4;a.RISCO BAIXO;HVI3;R06;G4 - BHV;R04;15
V1805;G4;b.RISCO NEUTRO;HVI3;R06;G4 - BHV;R04;15
V1805;G4;c.RISCO ALTO;HVI3;R06;G4 - BHV;R04;15
V1805;G4;b.RISCO NEUTRO;HVI3;R06;G4 - BHV;R05;15
V1805;G4;c.RISCO ALTO;HVI3;R06;G4 - BHV;R05;15
V1805;G4;a.RISCO BAIXO;HVI3;R06;G4 - BHV;R05;15
V1805;G4;a.RISCO BAIXO;HVI3;R06;G4 - BHV;R06;15
V1805;G4;b.RISCO NEUTRO;HVI3;R06;G4 - BHV;R06;15
V1805;G4;c.RISCO ALTO;HVI3;R06;G4 - BHV;R06;15
V1805;G4;b.RISCO NEUTRO;HVI3;R06;G4 - BHV;R07;15
V1805;G4;a.RISCO BAIXO;HVI3;R06;G4 - BHV;R07;15
V1805;G4;c.RISCO ALTO;HVI3;R06;G4 - BHV;R07;15
V1805;G4;b.RISCO NEUTRO;HVI3;R06;G4 - BHV;R08;15
V1805;G4;c.RISCO ALTO;HVI3;R06;G4 - BHV;R08;15
V1805;G4;a.RISCO BAIXO;HVI3;R06;G4 - BHV;R08;15
V1805;G4;b.RISCO NEUTRO;HVI3;R06;G4 - BHV;R09;15
V1805;G4;c.RISCO ALTO;HVI3;R06;G4 - BHV;R09;15
V1805;G4;a.RISCO BAIXO;HVI3;R06;G4 - BHV;R09;15
V1805;G4;b.RISCO NEUTRO;HVI3;R06;G4 - BHV;R10;15
V1805;G4;a.RISCO BAIXO;HVI3;R06;G4 - BHV;R10;15
V1805;G4;c.RISCO ALTO;HVI3;R06;G4 - BHV;R10;15
V1805;G4;b.RISCO NEUTRO;HVI3;R06;G4 - BHV;R11;15
V1805;G4;a.RISCO BAIXO;HVI3;R06;G4 - BHV;R11;15
V1805;G4;c.RISCO ALTO;HVI3;R06;G4 - BHV;R11;15
V1805;G4;b.RISCO NEUTRO;HVI3;R06;G4 - BHV;R12;15
V1805;G4;c.RISCO ALTO;HVI3;R06;G4 - BHV;R12;15
V1805;G4;a.RISCO BAIXO;HVI3;R06;G4 - BHV;R12;15
V1805;G4;b.RISCO NEUTRO;HVI3;R06;G4 - BHV;R13;15
V1805;G4;a.RISCO BAIXO;HVI3;R06;G4 - BHV;R13;15
V1805;G4;c.RISCO ALTO;HVI3;R06;G4 - BHV;R13;15
V1805;G4;b.RISCO NEUTRO;HVI3;R06;G4 - BHV;R14;15
V1805;G4;a.RISCO BAIXO;HVI3;R06;G4 - BHV;R14;15
V1805;G4;c.RISCO ALTO;HVI3;R06;G4 - BHV;R14;15
V1805;G4;b.RISCO NEUTRO;HVI3;R06;G4 - BHV;R15;15
V1805;G4;c.RISCO ALTO;HVI3;R06;G4 - BHV;R15;15
V1805;G4;a.RISCO BAIXO;HVI3;R06;G4 - BHV;R15;15
V1805;G4;b.RISCO NEUTRO;HVI3;R06;G4 - BHV;R16;15
V1805;G4;c.RISCO ALTO;HVI3;R06;G4 - BHV;R16;15
V1805;G4;a.RISCO BAIXO;HVI3;R06;G4 - BHV;R16;15
V1805;G4;b.RISCO NEUTRO;HVI3;R06;G4 - BHV;R17;12
V1805;G4;a.RISCO BAIXO;HVI3;R06;G4 - BHV;R17;12
V1805;G4;c.RISCO ALTO;HVI3;R06;G4 - BHV;R17;12
V1805;G4;b.RISCO NEUTRO;HVI3;R06;G4 - BHV;R18;12
V1805;G4;a.RISCO BAIXO;HVI3;R06;G4 - BHV;R18;12
V1805;G4;c.RISCO ALTO;HVI3;R06;G4 - BHV;R18;12
V1805;G4;b.RISCO NEUTRO;HVI3;R06;G4 - BHV;R19;12
V1805;G4;a.RISCO BAIXO;HVI3;R06;G4 - BHV;R19;12
V1805;G4;c.RISCO ALTO;HVI3;R06;G4 - BHV;R19;12
V1805;G4;b.RISCO NEUTRO;HVI3;R06;G4 - BHV;R20;12
V1805;G4;a.RISCO BAIXO;HVI3;R06;G4 - BHV;R20;12
V1805;G4;c.RISCO ALTO;HVI3;R06;G4 - BHV;R20;12
V1805;G4;b.RISCO NEUTRO;HVI3;R06;G4 - BHV;R21;12
V1805;G4;a.RISCO BAIXO;HVI3;R06;G4 - BHV;R21;12
V1805;G4;c.RISCO ALTO;HVI3;R06;G4 - BHV;R21;12
V1805;G4;b.RISCO NEUTRO;HVI3;R06;G4 - BHV;R22;12
V1805;G4;c.RISCO ALTO;HVI3;R06;G4 - BHV;R22;12
V1805;G4;a.RISCO BAIXO;HVI3;R06;G4 - BHV;R22;12
V1805;G4;b.RISCO NEUTRO;HVI3;R06;G4 - BHV;R23;12
V1805;G4;c.RISCO ALTO;HVI3;R06;G4 - BHV;R23;12
V1805;G4;a.RISCO BAIXO;HVI3;R06;G4 - BHV;R23;12
V1805;G4;b.RISCO NEUTRO;HVI3;R06;G4 - BHV;R24;12
V1805;G4;a.RISCO BAIXO;HVI3;R06;G4 - BHV;R24;12
V1805;G4;c.RISCO ALTO;HVI3;R06;G4 - BHV;R24;12
V1805;G4;b.RISCO NEUTRO;HVI3;R06;G4 - BHV;R25;12
V1805;G4;c.RISCO ALTO;HVI3;R06;G4 - BHV;R25;12
V1805;G4;a.RISCO BAIXO;HVI3;R06;G4 - BHV;R25;12
V1805;G3;c.RISCO ALTO;HVI3;R11;Restritivos;COM RESTRITIVOS;8
V1805;G3;b.RISCO NEUTRO;HVI3;R11;Restritivos;COM RESTRITIVOS;8
V1805;G3;a.RISCO BAIXO;HVI3;R11;Restritivos;COM RESTRITIVOS;8
V1805;G3;c.RISCO ALTO;HVI3;R12;Restritivos;COM RESTRITIVOS;8
V1805;G3;b.RISCO NEUTRO;HVI3;R12;Restritivos;COM RESTRITIVOS;8
V1805;G3;a.RISCO BAIXO;HVI3;R12;Restritivos;COM RESTRITIVOS;8
V1805;G4;b.RISCO NEUTRO;HVI3;R07;G4 - BHV;R01;15
V1805;G4;a.RISCO BAIXO;HVI3;R07;G4 - BHV;R01;15
V1805;G4;c.RISCO ALTO;HVI3;R07;G4 - BHV;R01;15
V1805;G4;a.RISCO BAIXO;HVI3;R07;G4 - BHV;R02;15
V1805;G4;b.RISCO NEUTRO;HVI3;R07;G4 - BHV;R02;15
V1805;G4;c.RISCO ALTO;HVI3;R07;G4 - BHV;R02;15
V1805;G4;b.RISCO NEUTRO;HVI3;R07;G4 - BHV;R03;15
V1805;G4;a.RISCO BAIXO;HVI3;R07;G4 - BHV;R03;15
V1805;G4;c.RISCO ALTO;HVI3;R07;G4 - BHV;R03;15
V1805;G4;a.RISCO BAIXO;HVI3;R07;G4 - BHV;R04;15
V1805;G4;b.RISCO NEUTRO;HVI3;R07;G4 - BHV;R04;15
V1805;G4;c.RISCO ALTO;HVI3;R07;G4 - BHV;R04;15
V1805;G4;b.RISCO NEUTRO;HVI3;R07;G4 - BHV;R05;15
V1805;G4;c.RISCO ALTO;HVI3;R07;G4 - BHV;R05;15
V1805;G4;a.RISCO BAIXO;HVI3;R07;G4 - BHV;R05;15
V1805;G4;b.RISCO NEUTRO;HVI3;R07;G4 - BHV;R06;15
V1805;G4;a.RISCO BAIXO;HVI3;R07;G4 - BHV;R06;15
V1805;G4;c.RISCO ALTO;HVI3;R07;G4 - BHV;R06;15
V1805;G4;a.RISCO BAIXO;HVI3;R07;G4 - BHV;R07;15
V1805;G4;b.RISCO NEUTRO;HVI3;R07;G4 - BHV;R07;15
V1805;G4;c.RISCO ALTO;HVI3;R07;G4 - BHV;R07;15
V1805;G4;a.RISCO BAIXO;HVI3;R07;G4 - BHV;R08;15
V1805;G4;b.RISCO NEUTRO;HVI3;R07;G4 - BHV;R08;15
V1805;G4;c.RISCO ALTO;HVI3;R07;G4 - BHV;R08;15
V1805;G4;b.RISCO NEUTRO;HVI3;R07;G4 - BHV;R09;15
V1805;G4;a.RISCO BAIXO;HVI3;R07;G4 - BHV;R09;15
V1805;G4;c.RISCO ALTO;HVI3;R07;G4 - BHV;R09;15
V1805;G4;b.RISCO NEUTRO;HVI3;R07;G4 - BHV;R10;15
V1805;G4;a.RISCO BAIXO;HVI3;R07;G4 - BHV;R10;15
V1805;G4;c.RISCO ALTO;HVI3;R07;G4 - BHV;R10;15
V1805;G4;b.RISCO NEUTRO;HVI3;R07;G4 - BHV;R11;15
V1805;G4;a.RISCO BAIXO;HVI3;R07;G4 - BHV;R11;15
V1805;G4;c.RISCO ALTO;HVI3;R07;G4 - BHV;R11;15
V1805;G4;b.RISCO NEUTRO;HVI3;R07;G4 - BHV;R12;15
V1805;G4;a.RISCO BAIXO;HVI3;R07;G4 - BHV;R12;15
V1805;G4;c.RISCO ALTO;HVI3;R07;G4 - BHV;R12;15
V1805;G4;a.RISCO BAIXO;HVI3;R07;G4 - BHV;R13;15
V1805;G4;b.RISCO NEUTRO;HVI3;R07;G4 - BHV;R13;15
V1805;G4;c.RISCO ALTO;HVI3;R07;G4 - BHV;R13;15
V1805;G4;b.RISCO NEUTRO;HVI3;R07;G4 - BHV;R14;15
V1805;G4;c.RISCO ALTO;HVI3;R07;G4 - BHV;R14;15
V1805;G4;a.RISCO BAIXO;HVI3;R07;G4 - BHV;R14;15
V1805;G4;b.RISCO NEUTRO;HVI3;R07;G4 - BHV;R15;15
V1805;G4;a.RISCO BAIXO;HVI3;R07;G4 - BHV;R15;15
V1805;G4;c.RISCO ALTO;HVI3;R07;G4 - BHV;R15;15
V1805;G4;b.RISCO NEUTRO;HVI3;R07;G4 - BHV;R16;15
V1805;G4;c.RISCO ALTO;HVI3;R07;G4 - BHV;R16;15
V1805;G4;a.RISCO BAIXO;HVI3;R07;G4 - BHV;R16;15
V1805;G4;a.RISCO BAIXO;HVI3;R07;G4 - BHV;R17;12
V1805;G4;b.RISCO NEUTRO;HVI3;R07;G4 - BHV;R17;12
V1805;G4;c.RISCO ALTO;HVI3;R07;G4 - BHV;R17;12
V1805;G4;b.RISCO NEUTRO;HVI3;R07;G4 - BHV;R18;12
V1805;G4;a.RISCO BAIXO;HVI3;R07;G4 - BHV;R18;12
V1805;G4;c.RISCO ALTO;HVI3;R07;G4 - BHV;R18;12
V1805;G4;b.RISCO NEUTRO;HVI3;R07;G4 - BHV;R19;12
V1805;G4;a.RISCO BAIXO;HVI3;R07;G4 - BHV;R19;12
V1805;G4;c.RISCO ALTO;HVI3;R07;G4 - BHV;R19;12
V1805;G4;b.RISCO NEUTRO;HVI3;R07;G4 - BHV;R20;12
V1805;G4;c.RISCO ALTO;HVI3;R07;G4 - BHV;R20;12
V1805;G4;a.RISCO BAIXO;HVI3;R07;G4 - BHV;R20;12
V1805;G4;c.RISCO ALTO;HVI3;R07;G4 - BHV;R21;12
V1805;G4;b.RISCO NEUTRO;HVI3;R07;G4 - BHV;R21;12
V1805;G4;a.RISCO BAIXO;HVI3;R07;G4 - BHV;R21;12
V1805;G4;b.RISCO NEUTRO;HVI3;R07;G4 - BHV;R22;12
V1805;G4;c.RISCO ALTO;HVI3;R07;G4 - BHV;R22;12
V1805;G4;a.RISCO BAIXO;HVI3;R07;G4 - BHV;R22;12
V1805;G4;b.RISCO NEUTRO;HVI3;R07;G4 - BHV;R23;12
V1805;G4;a.RISCO BAIXO;HVI3;R07;G4 - BHV;R23;12
V1805;G4;c.RISCO ALTO;HVI3;R07;G4 - BHV;R23;12
V1805;G4;b.RISCO NEUTRO;HVI3;R07;G4 - BHV;R24;12
V1805;G4;c.RISCO ALTO;HVI3;R07;G4 - BHV;R24;12
V1805;G4;a.RISCO BAIXO;HVI3;R07;G4 - BHV;R24;12
V1805;G4;b.RISCO NEUTRO;HVI3;R07;G4 - BHV;R25;12
V1805;G4;c.RISCO ALTO;HVI3;R07;G4 - BHV;R25;12
V1805;G4;a.RISCO BAIXO;HVI3;R07;G4 - BHV;R25;12
V1805;G3;c.RISCO ALTO;HVI3;R13;Restritivos;COM RESTRITIVOS;8
V1805;G3;a.RISCO BAIXO;HVI3;R13;Restritivos;COM RESTRITIVOS;8
V1805;G3;b.RISCO NEUTRO;HVI3;R13;Restritivos;COM RESTRITIVOS;8
V1805;G3;c.RISCO ALTO;HVI3;R14;Restritivos;COM RESTRITIVOS;5
V1805;G3;b.RISCO NEUTRO;HVI3;R14;Restritivos;COM RESTRITIVOS;5
V1805;G3;a.RISCO BAIXO;HVI3;R14;Restritivos;COM RESTRITIVOS;5
V1805;G4;b.RISCO NEUTRO;HVI3;R08;G4 - BHV;R01;15
V1805;G4;c.RISCO ALTO;HVI3;R08;G4 - BHV;R01;15
V1805;G4;a.RISCO BAIXO;HVI3;R08;G4 - BHV;R01;15
V1805;G4;a.RISCO BAIXO;HVI3;R08;G4 - BHV;R02;15
V1805;G4;b.RISCO NEUTRO;HVI3;R08;G4 - BHV;R02;15
V1805;G4;c.RISCO ALTO;HVI3;R08;G4 - BHV;R02;15
V1805;G4;b.RISCO NEUTRO;HVI3;R08;G4 - BHV;R03;15
V1805;G4;a.RISCO BAIXO;HVI3;R08;G4 - BHV;R03;15
V1805;G4;c.RISCO ALTO;HVI3;R08;G4 - BHV;R03;15
V1805;G4;b.RISCO NEUTRO;HVI3;R08;G4 - BHV;R04;15
V1805;G4;c.RISCO ALTO;HVI3;R08;G4 - BHV;R04;15
V1805;G4;a.RISCO BAIXO;HVI3;R08;G4 - BHV;R04;15
V1805;G4;b.RISCO NEUTRO;HVI3;R08;G4 - BHV;R05;15
V1805;G4;c.RISCO ALTO;HVI3;R08;G4 - BHV;R05;15
V1805;G4;a.RISCO BAIXO;HVI3;R08;G4 - BHV;R05;15
V1805;G4;b.RISCO NEUTRO;HVI3;R08;G4 - BHV;R06;15
V1805;G4;a.RISCO BAIXO;HVI3;R08;G4 - BHV;R06;15
V1805;G4;c.RISCO ALTO;HVI3;R08;G4 - BHV;R06;15
V1805;G4;a.RISCO BAIXO;HVI3;R08;G4 - BHV;R07;15
V1805;G4;b.RISCO NEUTRO;HVI3;R08;G4 - BHV;R07;15
V1805;G4;c.RISCO ALTO;HVI3;R08;G4 - BHV;R07;15
V1805;G4;b.RISCO NEUTRO;HVI3;R08;G4 - BHV;R08;15
V1805;G4;c.RISCO ALTO;HVI3;R08;G4 - BHV;R08;15
V1805;G4;a.RISCO BAIXO;HVI3;R08;G4 - BHV;R08;15
V1805;G4;b.RISCO NEUTRO;HVI3;R08;G4 - BHV;R09;15
V1805;G4;c.RISCO ALTO;HVI3;R08;G4 - BHV;R09;15
V1805;G4;a.RISCO BAIXO;HVI3;R08;G4 - BHV;R09;15
V1805;G4;b.RISCO NEUTRO;HVI3;R08;G4 - BHV;R10;15
V1805;G4;a.RISCO BAIXO;HVI3;R08;G4 - BHV;R10;15
V1805;G4;c.RISCO ALTO;HVI3;R08;G4 - BHV;R10;15
V1805;G4;b.RISCO NEUTRO;HVI3;R08;G4 - BHV;R11;15
V1805;G4;a.RISCO BAIXO;HVI3;R08;G4 - BHV;R11;15
V1805;G4;c.RISCO ALTO;HVI3;R08;G4 - BHV;R11;15
V1805;G4;b.RISCO NEUTRO;HVI3;R08;G4 - BHV;R12;15
V1805;G4;a.RISCO BAIXO;HVI3;R08;G4 - BHV;R12;15
V1805;G4;c.RISCO ALTO;HVI3;R08;G4 - BHV;R12;15
V1805;G4;b.RISCO NEUTRO;HVI3;R08;G4 - BHV;R13;12
V1805;G4;c.RISCO ALTO;HVI3;R08;G4 - BHV;R13;12
V1805;G4;a.RISCO BAIXO;HVI3;R08;G4 - BHV;R13;12
V1805;G4;b.RISCO NEUTRO;HVI3;R08;G4 - BHV;R14;12
V1805;G4;c.RISCO ALTO;HVI3;R08;G4 - BHV;R14;12
V1805;G4;a.RISCO BAIXO;HVI3;R08;G4 - BHV;R14;12
V1805;G4;b.RISCO NEUTRO;HVI3;R08;G4 - BHV;R15;12
V1805;G4;a.RISCO BAIXO;HVI3;R08;G4 - BHV;R15;12
V1805;G4;c.RISCO ALTO;HVI3;R08;G4 - BHV;R15;12
V1805;G4;b.RISCO NEUTRO;HVI3;R08;G4 - BHV;R16;12
V1805;G4;c.RISCO ALTO;HVI3;R08;G4 - BHV;R16;12
V1805;G4;a.RISCO BAIXO;HVI3;R08;G4 - BHV;R16;12
V1805;G4;b.RISCO NEUTRO;HVI3;R08;G4 - BHV;R17;12
V1805;G4;a.RISCO BAIXO;HVI3;R08;G4 - BHV;R17;12
V1805;G4;c.RISCO ALTO;HVI3;R08;G4 - BHV;R17;12
V1805;G4;b.RISCO NEUTRO;HVI3;R08;G4 - BHV;R18;12
V1805;G4;c.RISCO ALTO;HVI3;R08;G4 - BHV;R18;12
V1805;G4;a.RISCO BAIXO;HVI3;R08;G4 - BHV;R18;12
V1805;G4;a.RISCO BAIXO;HVI3;R08;G4 - BHV;R19;12
V1805;G4;b.RISCO NEUTRO;HVI3;R08;G4 - BHV;R19;12
V1805;G4;c.RISCO ALTO;HVI3;R08;G4 - BHV;R19;12
V1805;G4;b.RISCO NEUTRO;HVI3;R08;G4 - BHV;R20;12
V1805;G4;a.RISCO BAIXO;HVI3;R08;G4 - BHV;R20;12
V1805;G4;c.RISCO ALTO;HVI3;R08;G4 - BHV;R20;12
V1805;G4;b.RISCO NEUTRO;HVI3;R08;G4 - BHV;R21;12
V1805;G4;c.RISCO ALTO;HVI3;R08;G4 - BHV;R21;12
V1805;G4;a.RISCO BAIXO;HVI3;R08;G4 - BHV;R21;12
V1805;G4;b.RISCO NEUTRO;HVI3;R08;G4 - BHV;R22;12
V1805;G4;a.RISCO BAIXO;HVI3;R08;G4 - BHV;R22;12
V1805;G4;c.RISCO ALTO;HVI3;R08;G4 - BHV;R22;12
V1805;G4;b.RISCO NEUTRO;HVI3;R08;G4 - BHV;R23;12
V1805;G4;a.RISCO BAIXO;HVI3;R08;G4 - BHV;R23;12
V1805;G4;c.RISCO ALTO;HVI3;R08;G4 - BHV;R23;12
V1805;G4;b.RISCO NEUTRO;HVI3;R08;G4 - BHV;R24;12
V1805;G4;a.RISCO BAIXO;HVI3;R08;G4 - BHV;R24;12
V1805;G4;c.RISCO ALTO;HVI3;R08;G4 - BHV;R24;12
V1805;G4;b.RISCO NEUTRO;HVI3;R08;G4 - BHV;R25;12
V1805;G4;c.RISCO ALTO;HVI3;R08;G4 - BHV;R25;12
V1805;G4;a.RISCO BAIXO;HVI3;R08;G4 - BHV;R25;12
V1805;G3;b.RISCO NEUTRO;HVI3;R15;Restritivos;COM RESTRITIVOS;5
V1805;G3;a.RISCO BAIXO;HVI3;R15;Restritivos;COM RESTRITIVOS;5
V1805;G3;c.RISCO ALTO;HVI3;R15;Restritivos;COM RESTRITIVOS;5
V1805;G3;a.RISCO BAIXO;HVI3;R16;Restritivos;COM RESTRITIVOS;5
V1805;G3;b.RISCO NEUTRO;HVI3;R16;Restritivos;COM RESTRITIVOS;5
V1805;G3;c.RISCO ALTO;HVI3;R16;Restritivos;COM RESTRITIVOS;5
V1805;G4;b.RISCO NEUTRO;HVI3;R09;G4 - BHV;R01;15
V1805;G4;c.RISCO ALTO;HVI3;R09;G4 - BHV;R01;15
V1805;G4;a.RISCO BAIXO;HVI3;R09;G4 - BHV;R01;15
V1805;G4;b.RISCO NEUTRO;HVI3;R09;G4 - BHV;R02;15
V1805;G4;a.RISCO BAIXO;HVI3;R09;G4 - BHV;R02;15
V1805;G4;c.RISCO ALTO;HVI3;R09;G4 - BHV;R02;15
V1805;G4;b.RISCO NEUTRO;HVI3;R09;G4 - BHV;R03;15
V1805;G4;c.RISCO ALTO;HVI3;R09;G4 - BHV;R03;15
V1805;G4;a.RISCO BAIXO;HVI3;R09;G4 - BHV;R03;15
V1805;G4;b.RISCO NEUTRO;HVI3;R09;G4 - BHV;R04;15
V1805;G4;c.RISCO ALTO;HVI3;R09;G4 - BHV;R04;15
V1805;G4;a.RISCO BAIXO;HVI3;R09;G4 - BHV;R04;15
V1805;G4;b.RISCO NEUTRO;HVI3;R09;G4 - BHV;R05;15
V1805;G4;a.RISCO BAIXO;HVI3;R09;G4 - BHV;R05;15
V1805;G4;c.RISCO ALTO;HVI3;R09;G4 - BHV;R05;15
V1805;G4;b.RISCO NEUTRO;HVI3;R09;G4 - BHV;R06;15
V1805;G4;c.RISCO ALTO;HVI3;R09;G4 - BHV;R06;15
V1805;G4;a.RISCO BAIXO;HVI3;R09;G4 - BHV;R06;15
V1805;G4;b.RISCO NEUTRO;HVI3;R09;G4 - BHV;R07;15
V1805;G4;a.RISCO BAIXO;HVI3;R09;G4 - BHV;R07;15
V1805;G4;c.RISCO ALTO;HVI3;R09;G4 - BHV;R07;15
V1805;G4;b.RISCO NEUTRO;HVI3;R09;G4 - BHV;R08;15
V1805;G4;a.RISCO BAIXO;HVI3;R09;G4 - BHV;R08;15
V1805;G4;c.RISCO ALTO;HVI3;R09;G4 - BHV;R08;15
V1805;G4;b.RISCO NEUTRO;HVI3;R09;G4 - BHV;R09;12
V1805;G4;c.RISCO ALTO;HVI3;R09;G4 - BHV;R09;12
V1805;G4;a.RISCO BAIXO;HVI3;R09;G4 - BHV;R09;12
V1805;G4;b.RISCO NEUTRO;HVI3;R09;G4 - BHV;R10;12
V1805;G4;c.RISCO ALTO;HVI3;R09;G4 - BHV;R10;12
V1805;G4;a.RISCO BAIXO;HVI3;R09;G4 - BHV;R10;12
V1805;G4;b.RISCO NEUTRO;HVI3;R09;G4 - BHV;R11;12
V1805;G4;c.RISCO ALTO;HVI3;R09;G4 - BHV;R11;12
V1805;G4;a.RISCO BAIXO;HVI3;R09;G4 - BHV;R11;12
V1805;G4;b.RISCO NEUTRO;HVI3;R09;G4 - BHV;R12;12
V1805;G4;c.RISCO ALTO;HVI3;R09;G4 - BHV;R12;12
V1805;G4;a.RISCO BAIXO;HVI3;R09;G4 - BHV;R12;12
V1805;G4;b.RISCO NEUTRO;HVI3;R09;G4 - BHV;R13;12
V1805;G4;a.RISCO BAIXO;HVI3;R09;G4 - BHV;R13;12
V1805;G4;c.RISCO ALTO;HVI3;R09;G4 - BHV;R13;12
V1805;G4;c.RISCO ALTO;HVI3;R09;G4 - BHV;R14;12
V1805;G4;b.RISCO NEUTRO;HVI3;R09;G4 - BHV;R14;12
V1805;G4;a.RISCO BAIXO;HVI3;R09;G4 - BHV;R14;12
V1805;G4;b.RISCO NEUTRO;HVI3;R09;G4 - BHV;R15;12
V1805;G4;c.RISCO ALTO;HVI3;R09;G4 - BHV;R15;12
V1805;G4;a.RISCO BAIXO;HVI3;R09;G4 - BHV;R15;12
V1805;G4;b.RISCO NEUTRO;HVI3;R09;G4 - BHV;R16;12
V1805;G4;c.RISCO ALTO;HVI3;R09;G4 - BHV;R16;12
V1805;G4;a.RISCO BAIXO;HVI3;R09;G4 - BHV;R16;12
V1805;G4;b.RISCO NEUTRO;HVI3;R09;G4 - BHV;R17;12
V1805;G4;a.RISCO BAIXO;HVI3;R09;G4 - BHV;R17;12
V1805;G4;c.RISCO ALTO;HVI3;R09;G4 - BHV;R17;12
V1805;G4;c.RISCO ALTO;HVI3;R09;G4 - BHV;R18;12
V1805;G4;b.RISCO NEUTRO;HVI3;R09;G4 - BHV;R18;12
V1805;G4;a.RISCO BAIXO;HVI3;R09;G4 - BHV;R18;12
V1805;G4;b.RISCO NEUTRO;HVI3;R09;G4 - BHV;R19;12
V1805;G4;a.RISCO BAIXO;HVI3;R09;G4 - BHV;R19;12
V1805;G4;c.RISCO ALTO;HVI3;R09;G4 - BHV;R19;12
V1805;G4;b.RISCO NEUTRO;HVI3;R09;G4 - BHV;R20;12
V1805;G4;c.RISCO ALTO;HVI3;R09;G4 - BHV;R20;12
V1805;G4;a.RISCO BAIXO;HVI3;R09;G4 - BHV;R20;12
V1805;G4;b.RISCO NEUTRO;HVI3;R09;G4 - BHV;R21;12
V1805;G4;c.RISCO ALTO;HVI3;R09;G4 - BHV;R21;12
V1805;G4;a.RISCO BAIXO;HVI3;R09;G4 - BHV;R21;12
V1805;G4;b.RISCO NEUTRO;HVI3;R09;G4 - BHV;R22;12
V1805;G4;a.RISCO BAIXO;HVI3;R09;G4 - BHV;R22;12
V1805;G4;c.RISCO ALTO;HVI3;R09;G4 - BHV;R22;12
V1805;G4;b.RISCO NEUTRO;HVI3;R09;G4 - BHV;R23;12
V1805;G4;a.RISCO BAIXO;HVI3;R09;G4 - BHV;R23;12
V1805;G4;c.RISCO ALTO;HVI3;R09;G4 - BHV;R23;12
V1805;G4;b.RISCO NEUTRO;HVI3;R09;G4 - BHV;R24;12
V1805;G4;c.RISCO ALTO;HVI3;R09;G4 - BHV;R24;12
V1805;G4;a.RISCO BAIXO;HVI3;R09;G4 - BHV;R24;12
V1805;G4;b.RISCO NEUTRO;HVI3;R09;G4 - BHV;R25;12
V1805;G4;c.RISCO ALTO;HVI3;R09;G4 - BHV;R25;12
V1805;G4;a.RISCO BAIXO;HVI3;R09;G4 - BHV;R25;12
V1805;G3;c.RISCO ALTO;HVI3;R17;Restritivos;COM RESTRITIVOS;5
V1805;G3;b.RISCO NEUTRO;HVI3;R17;Restritivos;COM RESTRITIVOS;5
V1805;G3;a.RISCO BAIXO;HVI3;R17;Restritivos;COM RESTRITIVOS;5
V1805;G3;a.RISCO BAIXO;HVI3;R18;Restritivos;COM RESTRITIVOS;5
V1805;G3;c.RISCO ALTO;HVI3;R18;Restritivos;COM RESTRITIVOS;5
V1805;G3;b.RISCO NEUTRO;HVI3;R18;Restritivos;COM RESTRITIVOS;5
V1805;G4;b.RISCO NEUTRO;HVI3;R10;G4 - BHV;R01;15
V1805;G4;a.RISCO BAIXO;HVI3;R10;G4 - BHV;R01;15
V1805;G4;c.RISCO ALTO;HVI3;R10;G4 - BHV;R01;15
V1805;G4;c.RISCO ALTO;HVI3;R10;G4 - BHV;R02;15
V1805;G4;b.RISCO NEUTRO;HVI3;R10;G4 - BHV;R02;15
V1805;G4;a.RISCO BAIXO;HVI3;R10;G4 - BHV;R02;15
V1805;G4;b.RISCO NEUTRO;HVI3;R10;G4 - BHV;R03;15
V1805;G4;c.RISCO ALTO;HVI3;R10;G4 - BHV;R03;15
V1805;G4;a.RISCO BAIXO;HVI3;R10;G4 - BHV;R03;15
V1805;G4;b.RISCO NEUTRO;HVI3;R10;G4 - BHV;R04;15
V1805;G4;c.RISCO ALTO;HVI3;R10;G4 - BHV;R04;15
V1805;G4;a.RISCO BAIXO;HVI3;R10;G4 - BHV;R04;15
V1805;G4;c.RISCO ALTO;HVI3;R10;G4 - BHV;R05;15
V1805;G4;b.RISCO NEUTRO;HVI3;R10;G4 - BHV;R05;15
V1805;G4;a.RISCO BAIXO;HVI3;R10;G4 - BHV;R05;15
V1805;G4;b.RISCO NEUTRO;HVI3;R10;G4 - BHV;R06;15
V1805;G4;c.RISCO ALTO;HVI3;R10;G4 - BHV;R06;15
V1805;G4;a.RISCO BAIXO;HVI3;R10;G4 - BHV;R06;15
V1805;G4;b.RISCO NEUTRO;HVI3;R10;G4 - BHV;R07;15
V1805;G4;c.RISCO ALTO;HVI3;R10;G4 - BHV;R07;15
V1805;G4;a.RISCO BAIXO;HVI3;R10;G4 - BHV;R07;15
V1805;G4;b.RISCO NEUTRO;HVI3;R10;G4 - BHV;R08;15
V1805;G4;c.RISCO ALTO;HVI3;R10;G4 - BHV;R08;15
V1805;G4;a.RISCO BAIXO;HVI3;R10;G4 - BHV;R08;15
V1805;G4;c.RISCO ALTO;HVI3;R10;G4 - BHV;R09;12
V1805;G4;b.RISCO NEUTRO;HVI3;R10;G4 - BHV;R09;12
V1805;G4;a.RISCO BAIXO;HVI3;R10;G4 - BHV;R09;12
V1805;G4;b.RISCO NEUTRO;HVI3;R10;G4 - BHV;R10;12
V1805;G4;c.RISCO ALTO;HVI3;R10;G4 - BHV;R10;12
V1805;G4;a.RISCO BAIXO;HVI3;R10;G4 - BHV;R10;12
V1805;G4;b.RISCO NEUTRO;HVI3;R10;G4 - BHV;R11;12
V1805;G4;c.RISCO ALTO;HVI3;R10;G4 - BHV;R11;12
V1805;G4;a.RISCO BAIXO;HVI3;R10;G4 - BHV;R11;12
V1805;G4;b.RISCO NEUTRO;HVI3;R10;G4 - BHV;R12;12
V1805;G4;a.RISCO BAIXO;HVI3;R10;G4 - BHV;R12;12
V1805;G4;c.RISCO ALTO;HVI3;R10;G4 - BHV;R12;12
V1805;G4;b.RISCO NEUTRO;HVI3;R10;G4 - BHV;R13;12
V1805;G4;a.RISCO BAIXO;HVI3;R10;G4 - BHV;R13;12
V1805;G4;c.RISCO ALTO;HVI3;R10;G4 - BHV;R13;12
V1805;G4;b.RISCO NEUTRO;HVI3;R10;G4 - BHV;R14;12
V1805;G4;a.RISCO BAIXO;HVI3;R10;G4 - BHV;R14;12
V1805;G4;c.RISCO ALTO;HVI3;R10;G4 - BHV;R14;12
V1805;G4;c.RISCO ALTO;HVI3;R10;G4 - BHV;R15;12
V1805;G4;b.RISCO NEUTRO;HVI3;R10;G4 - BHV;R15;12
V1805;G4;a.RISCO BAIXO;HVI3;R10;G4 - BHV;R15;12
V1805;G4;b.RISCO NEUTRO;HVI3;R10;G4 - BHV;R16;12
V1805;G4;a.RISCO BAIXO;HVI3;R10;G4 - BHV;R16;12
V1805;G4;c.RISCO ALTO;HVI3;R10;G4 - BHV;R16;12
V1805;G4;c.RISCO ALTO;HVI3;R10;G4 - BHV;R17;12
V1805;G4;b.RISCO NEUTRO;HVI3;R10;G4 - BHV;R17;12
V1805;G4;a.RISCO BAIXO;HVI3;R10;G4 - BHV;R17;12
V1805;G4;c.RISCO ALTO;HVI3;R10;G4 - BHV;R18;12
V1805;G4;b.RISCO NEUTRO;HVI3;R10;G4 - BHV;R18;12
V1805;G4;a.RISCO BAIXO;HVI3;R10;G4 - BHV;R18;12
V1805;G4;b.RISCO NEUTRO;HVI3;R10;G4 - BHV;R19;12
V1805;G4;c.RISCO ALTO;HVI3;R10;G4 - BHV;R19;12
V1805;G4;a.RISCO BAIXO;HVI3;R10;G4 - BHV;R19;12
V1805;G4;b.RISCO NEUTRO;HVI3;R10;G4 - BHV;R20;12
V1805;G4;c.RISCO ALTO;HVI3;R10;G4 - BHV;R20;12
V1805;G4;a.RISCO BAIXO;HVI3;R10;G4 - BHV;R20;12
V1805;G4;b.RISCO NEUTRO;HVI3;R10;G4 - BHV;R21;12
V1805;G4;c.RISCO ALTO;HVI3;R10;G4 - BHV;R21;12
V1805;G4;a.RISCO BAIXO;HVI3;R10;G4 - BHV;R21;12
V1805;G4;b.RISCO NEUTRO;HVI3;R10;G4 - BHV;R22;12
V1805;G4;a.RISCO BAIXO;HVI3;R10;G4 - BHV;R22;12
V1805;G4;c.RISCO ALTO;HVI3;R10;G4 - BHV;R22;12
V1805;G4;c.RISCO ALTO;HVI3;R10;G4 - BHV;R23;12
V1805;G4;b.RISCO NEUTRO;HVI3;R10;G4 - BHV;R23;12
V1805;G4;a.RISCO BAIXO;HVI3;R10;G4 - BHV;R23;12
V1805;G4;b.RISCO NEUTRO;HVI3;R10;G4 - BHV;R24;12
V1805;G4;c.RISCO ALTO;HVI3;R10;G4 - BHV;R24;12
V1805;G4;a.RISCO BAIXO;HVI3;R10;G4 - BHV;R24;12
V1805;G4;b.RISCO NEUTRO;HVI3;R10;G4 - BHV;R25;12
V1805;G4;a.RISCO BAIXO;HVI3;R10;G4 - BHV;R25;12
V1805;G4;c.RISCO ALTO;HVI3;R10;G4 - BHV;R25;12
V1805;G3;b.RISCO NEUTRO;HVI3;R19;Restritivos;COM RESTRITIVOS;5
V1805;G3;c.RISCO ALTO;HVI3;R19;Restritivos;COM RESTRITIVOS;5
V1805;G3;a.RISCO BAIXO;HVI3;R19;Restritivos;COM RESTRITIVOS;5
V1805;G3;c.RISCO ALTO;HVI3;R20;Restritivos;COM RESTRITIVOS;0
V1805;G3;b.RISCO NEUTRO;HVI3;R20;Restritivos;COM RESTRITIVOS;0
V1805;G3;a.RISCO BAIXO;HVI3;R20;Restritivos;COM RESTRITIVOS;0
V1805;G4;b.RISCO NEUTRO;HVI3;R11;G4 - BHV;R01;12
V1805;G4;a.RISCO BAIXO;HVI3;R11;G4 - BHV;R01;12
V1805;G4;c.RISCO ALTO;HVI3;R11;G4 - BHV;R01;12
V1805;G4;b.RISCO NEUTRO;HVI3;R11;G4 - BHV;R02;12
V1805;G4;c.RISCO ALTO;HVI3;R11;G4 - BHV;R02;12
V1805;G4;a.RISCO BAIXO;HVI3;R11;G4 - BHV;R02;12
V1805;G4;b.RISCO NEUTRO;HVI3;R11;G4 - BHV;R03;12
V1805;G4;a.RISCO BAIXO;HVI3;R11;G4 - BHV;R03;12
V1805;G4;c.RISCO ALTO;HVI3;R11;G4 - BHV;R03;12
V1805;G4;b.RISCO NEUTRO;HVI3;R11;G4 - BHV;R04;12
V1805;G4;c.RISCO ALTO;HVI3;R11;G4 - BHV;R04;12
V1805;G4;a.RISCO BAIXO;HVI3;R11;G4 - BHV;R04;12
V1805;G4;c.RISCO ALTO;HVI3;R11;G4 - BHV;R05;12
V1805;G4;b.RISCO NEUTRO;HVI3;R11;G4 - BHV;R05;12
V1805;G4;a.RISCO BAIXO;HVI3;R11;G4 - BHV;R05;12
V1805;G4;b.RISCO NEUTRO;HVI3;R11;G4 - BHV;R06;12
V1805;G4;a.RISCO BAIXO;HVI3;R11;G4 - BHV;R06;12
V1805;G4;c.RISCO ALTO;HVI3;R11;G4 - BHV;R06;12
V1805;G4;b.RISCO NEUTRO;HVI3;R11;G4 - BHV;R07;12
V1805;G4;c.RISCO ALTO;HVI3;R11;G4 - BHV;R07;12
V1805;G4;a.RISCO BAIXO;HVI3;R11;G4 - BHV;R07;12
V1805;G4;b.RISCO NEUTRO;HVI3;R11;G4 - BHV;R08;12
V1805;G4;c.RISCO ALTO;HVI3;R11;G4 - BHV;R08;12
V1805;G4;a.RISCO BAIXO;HVI3;R11;G4 - BHV;R08;12
V1805;G4;c.RISCO ALTO;HVI3;R11;G4 - BHV;R09;12
V1805;G4;a.RISCO BAIXO;HVI3;R11;G4 - BHV;R09;12
V1805;G4;b.RISCO NEUTRO;HVI3;R11;G4 - BHV;R09;12
V1805;G4;b.RISCO NEUTRO;HVI3;R11;G4 - BHV;R10;12
V1805;G4;c.RISCO ALTO;HVI3;R11;G4 - BHV;R10;12
V1805;G4;a.RISCO BAIXO;HVI3;R11;G4 - BHV;R10;12
V1805;G4;b.RISCO NEUTRO;HVI3;R11;G4 - BHV;R11;12
V1805;G4;c.RISCO ALTO;HVI3;R11;G4 - BHV;R11;12
V1805;G4;a.RISCO BAIXO;HVI3;R11;G4 - BHV;R11;12
V1805;G4;b.RISCO NEUTRO;HVI3;R11;G4 - BHV;R12;12
V1805;G4;a.RISCO BAIXO;HVI3;R11;G4 - BHV;R12;12
V1805;G4;c.RISCO ALTO;HVI3;R11;G4 - BHV;R12;12
V1805;G4;b.RISCO NEUTRO;HVI3;R11;G4 - BHV;R13;12
V1805;G4;a.RISCO BAIXO;HVI3;R11;G4 - BHV;R13;12
V1805;G4;c.RISCO ALTO;HVI3;R11;G4 - BHV;R13;12
V1805;G4;b.RISCO NEUTRO;HVI3;R11;G4 - BHV;R14;12
V1805;G4;c.RISCO ALTO;HVI3;R11;G4 - BHV;R14;12
V1805;G4;a.RISCO BAIXO;HVI3;R11;G4 - BHV;R14;12
V1805;G4;b.RISCO NEUTRO;HVI3;R11;G4 - BHV;R15;12
V1805;G4;a.RISCO BAIXO;HVI3;R11;G4 - BHV;R15;12
V1805;G4;c.RISCO ALTO;HVI3;R11;G4 - BHV;R15;12
V1805;G4;b.RISCO NEUTRO;HVI3;R11;G4 - BHV;R16;12
V1805;G4;c.RISCO ALTO;HVI3;R11;G4 - BHV;R16;12
V1805;G4;a.RISCO BAIXO;HVI3;R11;G4 - BHV;R16;12
V1805;G4;b.RISCO NEUTRO;HVI3;R11;G4 - BHV;R17;12
V1805;G4;a.RISCO BAIXO;HVI3;R11;G4 - BHV;R17;12
V1805;G4;c.RISCO ALTO;HVI3;R11;G4 - BHV;R17;12
V1805;G4;b.RISCO NEUTRO;HVI3;R11;G4 - BHV;R18;12
V1805;G4;c.RISCO ALTO;HVI3;R11;G4 - BHV;R18;12
V1805;G4;a.RISCO BAIXO;HVI3;R11;G4 - BHV;R18;12
V1805;G4;b.RISCO NEUTRO;HVI3;R11;G4 - BHV;R19;12
V1805;G4;c.RISCO ALTO;HVI3;R11;G4 - BHV;R19;12
V1805;G4;a.RISCO BAIXO;HVI3;R11;G4 - BHV;R19;12
V1805;G4;b.RISCO NEUTRO;HVI3;R11;G4 - BHV;R20;12
V1805;G4;c.RISCO ALTO;HVI3;R11;G4 - BHV;R20;12
V1805;G4;a.RISCO BAIXO;HVI3;R11;G4 - BHV;R20;12
V1805;G4;b.RISCO NEUTRO;HVI3;R11;G4 - BHV;R21;12
V1805;G4;a.RISCO BAIXO;HVI3;R11;G4 - BHV;R21;12
V1805;G4;c.RISCO ALTO;HVI3;R11;G4 - BHV;R21;12
V1805;G4;b.RISCO NEUTRO;HVI3;R11;G4 - BHV;R22;12
V1805;G4;a.RISCO BAIXO;HVI3;R11;G4 - BHV;R22;12
V1805;G4;c.RISCO ALTO;HVI3;R11;G4 - BHV;R22;12
V1805;G4;b.RISCO NEUTRO;HVI3;R11;G4 - BHV;R23;12
V1805;G4;c.RISCO ALTO;HVI3;R11;G4 - BHV;R23;12
V1805;G4;a.RISCO BAIXO;HVI3;R11;G4 - BHV;R23;12
V1805;G4;a.RISCO BAIXO;HVI3;R11;G4 - BHV;R24;12
V1805;G4;b.RISCO NEUTRO;HVI3;R11;G4 - BHV;R24;12
V1805;G4;c.RISCO ALTO;HVI3;R11;G4 - BHV;R24;12
V1805;G4;b.RISCO NEUTRO;HVI3;R11;G4 - BHV;R25;12
V1805;G4;a.RISCO BAIXO;HVI3;R11;G4 - BHV;R25;12
V1805;G4;c.RISCO ALTO;HVI3;R11;G4 - BHV;R25;12
V1805;G3;c.RISCO ALTO;HVI3;R99;Restritivos;COM RESTRITIVOS;0
V1805;G3;b.RISCO NEUTRO;HVI3;R99;Restritivos;COM RESTRITIVOS;0
V1805;G3;a.RISCO BAIXO;HVI3;R99;Restritivos;COM RESTRITIVOS;0
V1805;G4;b.RISCO NEUTRO;HVI3;R01;Restritivos;COM RESTRITIVOS;15
V1805;G4;c.RISCO ALTO;HVI3;R01;Restritivos;COM RESTRITIVOS;15
V1805;G4;a.RISCO BAIXO;HVI3;R01;Restritivos;COM RESTRITIVOS;15
V1805;G4;b.RISCO NEUTRO;HVI3;R12;G4 - BHV;R01;12
V1805;G4;c.RISCO ALTO;HVI3;R12;G4 - BHV;R01;12
V1805;G4;a.RISCO BAIXO;HVI3;R12;G4 - BHV;R01;12
V1805;G4;b.RISCO NEUTRO;HVI3;R12;G4 - BHV;R02;12
V1805;G4;c.RISCO ALTO;HVI3;R12;G4 - BHV;R02;12
V1805;G4;a.RISCO BAIXO;HVI3;R12;G4 - BHV;R02;12
V1805;G4;b.RISCO NEUTRO;HVI3;R12;G4 - BHV;R03;12
V1805;G4;a.RISCO BAIXO;HVI3;R12;G4 - BHV;R03;12
V1805;G4;c.RISCO ALTO;HVI3;R12;G4 - BHV;R03;12
V1805;G4;b.RISCO NEUTRO;HVI3;R12;G4 - BHV;R04;12
V1805;G4;a.RISCO BAIXO;HVI3;R12;G4 - BHV;R04;12
V1805;G4;c.RISCO ALTO;HVI3;R12;G4 - BHV;R04;12
V1805;G4;b.RISCO NEUTRO;HVI3;R12;G4 - BHV;R05;12
V1805;G4;c.RISCO ALTO;HVI3;R12;G4 - BHV;R05;12
V1805;G4;a.RISCO BAIXO;HVI3;R12;G4 - BHV;R05;12
V1805;G4;b.RISCO NEUTRO;HVI3;R12;G4 - BHV;R06;12
V1805;G4;a.RISCO BAIXO;HVI3;R12;G4 - BHV;R06;12
V1805;G4;c.RISCO ALTO;HVI3;R12;G4 - BHV;R06;12
V1805;G4;b.RISCO NEUTRO;HVI3;R12;G4 - BHV;R07;12
V1805;G4;c.RISCO ALTO;HVI3;R12;G4 - BHV;R07;12
V1805;G4;a.RISCO BAIXO;HVI3;R12;G4 - BHV;R07;12
V1805;G4;b.RISCO NEUTRO;HVI3;R12;G4 - BHV;R08;12
V1805;G4;c.RISCO ALTO;HVI3;R12;G4 - BHV;R08;12
V1805;G4;a.RISCO BAIXO;HVI3;R12;G4 - BHV;R08;12
V1805;G4;b.RISCO NEUTRO;HVI3;R12;G4 - BHV;R09;12
V1805;G4;a.RISCO BAIXO;HVI3;R12;G4 - BHV;R09;12
V1805;G4;c.RISCO ALTO;HVI3;R12;G4 - BHV;R09;12
V1805;G4;b.RISCO NEUTRO;HVI3;R12;G4 - BHV;R10;12
V1805;G4;a.RISCO BAIXO;HVI3;R12;G4 - BHV;R10;12
V1805;G4;c.RISCO ALTO;HVI3;R12;G4 - BHV;R10;12
V1805;G4;b.RISCO NEUTRO;HVI3;R12;G4 - BHV;R11;12
V1805;G4;c.RISCO ALTO;HVI3;R12;G4 - BHV;R11;12
V1805;G4;a.RISCO BAIXO;HVI3;R12;G4 - BHV;R11;12
V1805;G4;b.RISCO NEUTRO;HVI3;R12;G4 - BHV;R12;12
V1805;G4;c.RISCO ALTO;HVI3;R12;G4 - BHV;R12;12
V1805;G4;a.RISCO BAIXO;HVI3;R12;G4 - BHV;R12;12
V1805;G4;b.RISCO NEUTRO;HVI3;R12;G4 - BHV;R13;12
V1805;G4;c.RISCO ALTO;HVI3;R12;G4 - BHV;R13;12
V1805;G4;a.RISCO BAIXO;HVI3;R12;G4 - BHV;R13;12
V1805;G4;b.RISCO NEUTRO;HVI3;R12;G4 - BHV;R14;12
V1805;G4;c.RISCO ALTO;HVI3;R12;G4 - BHV;R14;12
V1805;G4;a.RISCO BAIXO;HVI3;R12;G4 - BHV;R14;12
V1805;G4;b.RISCO NEUTRO;HVI3;R12;G4 - BHV;R15;12
V1805;G4;c.RISCO ALTO;HVI3;R12;G4 - BHV;R15;12
V1805;G4;a.RISCO BAIXO;HVI3;R12;G4 - BHV;R15;12
V1805;G4;b.RISCO NEUTRO;HVI3;R12;G4 - BHV;R16;12
V1805;G4;c.RISCO ALTO;HVI3;R12;G4 - BHV;R16;12
V1805;G4;a.RISCO BAIXO;HVI3;R12;G4 - BHV;R16;12
V1805;G4;b.RISCO NEUTRO;HVI3;R12;G4 - BHV;R17;8
V1805;G4;c.RISCO ALTO;HVI3;R12;G4 - BHV;R17;8
V1805;G4;a.RISCO BAIXO;HVI3;R12;G4 - BHV;R17;8
V1805;G4;b.RISCO NEUTRO;HVI3;R12;G4 - BHV;R18;8
V1805;G4;c.RISCO ALTO;HVI3;R12;G4 - BHV;R18;8
V1805;G4;a.RISCO BAIXO;HVI3;R12;G4 - BHV;R18;8
V1805;G4;b.RISCO NEUTRO;HVI3;R12;G4 - BHV;R19;8
V1805;G4;c.RISCO ALTO;HVI3;R12;G4 - BHV;R19;8
V1805;G4;a.RISCO BAIXO;HVI3;R12;G4 - BHV;R19;8
V1805;G4;b.RISCO NEUTRO;HVI3;R12;G4 - BHV;R20;8
V1805;G4;c.RISCO ALTO;HVI3;R12;G4 - BHV;R20;8
V1805;G4;a.RISCO BAIXO;HVI3;R12;G4 - BHV;R20;8
V1805;G4;b.RISCO NEUTRO;HVI3;R12;G4 - BHV;R21;8
V1805;G4;a.RISCO BAIXO;HVI3;R12;G4 - BHV;R21;8
V1805;G4;c.RISCO ALTO;HVI3;R12;G4 - BHV;R21;8
V1805;G4;b.RISCO NEUTRO;HVI3;R12;G4 - BHV;R22;8
V1805;G4;c.RISCO ALTO;HVI3;R12;G4 - BHV;R22;8
V1805;G4;a.RISCO BAIXO;HVI3;R12;G4 - BHV;R22;8
V1805;G4;b.RISCO NEUTRO;HVI3;R12;G4 - BHV;R23;8
V1805;G4;c.RISCO ALTO;HVI3;R12;G4 - BHV;R23;8
V1805;G4;a.RISCO BAIXO;HVI3;R12;G4 - BHV;R23;8
V1805;G4;b.RISCO NEUTRO;HVI3;R12;G4 - BHV;R24;8
V1805;G4;c.RISCO ALTO;HVI3;R12;G4 - BHV;R24;8
V1805;G4;a.RISCO BAIXO;HVI3;R12;G4 - BHV;R24;8
V1805;G4;b.RISCO NEUTRO;HVI3;R12;G4 - BHV;R25;8
V1805;G4;c.RISCO ALTO;HVI3;R12;G4 - BHV;R25;8
V1805;G4;a.RISCO BAIXO;HVI3;R12;G4 - BHV;R25;8
V1805;G4;a.RISCO BAIXO;HVI3;R02;Restritivos;COM RESTRITIVOS;15
V1805;G4;b.RISCO NEUTRO;HVI3;R02;Restritivos;COM RESTRITIVOS;15
V1805;G4;c.RISCO ALTO;HVI3;R02;Restritivos;COM RESTRITIVOS;15
V1805;G4;c.RISCO ALTO;HVI3;R03;Restritivos;COM RESTRITIVOS;15
V1805;G4;b.RISCO NEUTRO;HVI3;R03;Restritivos;COM RESTRITIVOS;15
V1805;G4;a.RISCO BAIXO;HVI3;R03;Restritivos;COM RESTRITIVOS;15
V1805;G4;b.RISCO NEUTRO;HVI3;R13;G4 - BHV;R01;12
V1805;G4;c.RISCO ALTO;HVI3;R13;G4 - BHV;R01;12
V1805;G4;a.RISCO BAIXO;HVI3;R13;G4 - BHV;R01;12
V1805;G4;b.RISCO NEUTRO;HVI3;R13;G4 - BHV;R02;12
V1805;G4;c.RISCO ALTO;HVI3;R13;G4 - BHV;R02;12
V1805;G4;a.RISCO BAIXO;HVI3;R13;G4 - BHV;R02;12
V1805;G4;b.RISCO NEUTRO;HVI3;R13;G4 - BHV;R03;12
V1805;G4;a.RISCO BAIXO;HVI3;R13;G4 - BHV;R03;12
V1805;G4;c.RISCO ALTO;HVI3;R13;G4 - BHV;R03;12
V1805;G4;b.RISCO NEUTRO;HVI3;R13;G4 - BHV;R04;12
V1805;G4;a.RISCO BAIXO;HVI3;R13;G4 - BHV;R04;12
V1805;G4;c.RISCO ALTO;HVI3;R13;G4 - BHV;R04;12
V1805;G4;a.RISCO BAIXO;HVI3;R13;G4 - BHV;R05;12
V1805;G4;b.RISCO NEUTRO;HVI3;R13;G4 - BHV;R05;12
V1805;G4;c.RISCO ALTO;HVI3;R13;G4 - BHV;R05;12
V1805;G4;b.RISCO NEUTRO;HVI3;R13;G4 - BHV;R06;12
V1805;G4;a.RISCO BAIXO;HVI3;R13;G4 - BHV;R06;12
V1805;G4;c.RISCO ALTO;HVI3;R13;G4 - BHV;R06;12
V1805;G4;b.RISCO NEUTRO;HVI3;R13;G4 - BHV;R07;12
V1805;G4;a.RISCO BAIXO;HVI3;R13;G4 - BHV;R07;12
V1805;G4;c.RISCO ALTO;HVI3;R13;G4 - BHV;R07;12
V1805;G4;b.RISCO NEUTRO;HVI3;R13;G4 - BHV;R08;12
V1805;G4;a.RISCO BAIXO;HVI3;R13;G4 - BHV;R08;12
V1805;G4;c.RISCO ALTO;HVI3;R13;G4 - BHV;R08;12
V1805;G4;b.RISCO NEUTRO;HVI3;R13;G4 - BHV;R09;12
V1805;G4;a.RISCO BAIXO;HVI3;R13;G4 - BHV;R09;12
V1805;G4;c.RISCO ALTO;HVI3;R13;G4 - BHV;R09;12
V1805;G4;b.RISCO NEUTRO;HVI3;R13;G4 - BHV;R10;12
V1805;G4;a.RISCO BAIXO;HVI3;R13;G4 - BHV;R10;12
V1805;G4;c.RISCO ALTO;HVI3;R13;G4 - BHV;R10;12
V1805;G4;b.RISCO NEUTRO;HVI3;R13;G4 - BHV;R11;12
V1805;G4;a.RISCO BAIXO;HVI3;R13;G4 - BHV;R11;12
V1805;G4;c.RISCO ALTO;HVI3;R13;G4 - BHV;R11;12
V1805;G4;b.RISCO NEUTRO;HVI3;R13;G4 - BHV;R12;12
V1805;G4;a.RISCO BAIXO;HVI3;R13;G4 - BHV;R12;12
V1805;G4;c.RISCO ALTO;HVI3;R13;G4 - BHV;R12;12
V1805;G4;b.RISCO NEUTRO;HVI3;R13;G4 - BHV;R13;12
V1805;G4;c.RISCO ALTO;HVI3;R13;G4 - BHV;R13;12
V1805;G4;a.RISCO BAIXO;HVI3;R13;G4 - BHV;R13;12
V1805;G4;b.RISCO NEUTRO;HVI3;R13;G4 - BHV;R14;12
V1805;G4;c.RISCO ALTO;HVI3;R13;G4 - BHV;R14;12
V1805;G4;a.RISCO BAIXO;HVI3;R13;G4 - BHV;R14;12
V1805;G4;b.RISCO NEUTRO;HVI3;R13;G4 - BHV;R15;12
V1805;G4;a.RISCO BAIXO;HVI3;R13;G4 - BHV;R15;12
V1805;G4;c.RISCO ALTO;HVI3;R13;G4 - BHV;R15;12
V1805;G4;b.RISCO NEUTRO;HVI3;R13;G4 - BHV;R16;12
V1805;G4;a.RISCO BAIXO;HVI3;R13;G4 - BHV;R16;12
V1805;G4;c.RISCO ALTO;HVI3;R13;G4 - BHV;R16;12
V1805;G4;b.RISCO NEUTRO;HVI3;R13;G4 - BHV;R17;8
V1805;G4;a.RISCO BAIXO;HVI3;R13;G4 - BHV;R17;8
V1805;G4;c.RISCO ALTO;HVI3;R13;G4 - BHV;R17;8
V1805;G4;b.RISCO NEUTRO;HVI3;R13;G4 - BHV;R18;8
V1805;G4;a.RISCO BAIXO;HVI3;R13;G4 - BHV;R18;8
V1805;G4;c.RISCO ALTO;HVI3;R13;G4 - BHV;R18;8
V1805;G4;b.RISCO NEUTRO;HVI3;R13;G4 - BHV;R19;8
V1805;G4;c.RISCO ALTO;HVI3;R13;G4 - BHV;R19;8
V1805;G4;a.RISCO BAIXO;HVI3;R13;G4 - BHV;R19;8
V1805;G4;b.RISCO NEUTRO;HVI3;R13;G4 - BHV;R20;8
V1805;G4;a.RISCO BAIXO;HVI3;R13;G4 - BHV;R20;8
V1805;G4;c.RISCO ALTO;HVI3;R13;G4 - BHV;R20;8
V1805;G4;b.RISCO NEUTRO;HVI3;R13;G4 - BHV;R21;8
V1805;G4;a.RISCO BAIXO;HVI3;R13;G4 - BHV;R21;8
V1805;G4;c.RISCO ALTO;HVI3;R13;G4 - BHV;R21;8
V1805;G4;b.RISCO NEUTRO;HVI3;R13;G4 - BHV;R22;8
V1805;G4;a.RISCO BAIXO;HVI3;R13;G4 - BHV;R22;8
V1805;G4;c.RISCO ALTO;HVI3;R13;G4 - BHV;R22;8
V1805;G4;b.RISCO NEUTRO;HVI3;R13;G4 - BHV;R23;8
V1805;G4;a.RISCO BAIXO;HVI3;R13;G4 - BHV;R23;8
V1805;G4;c.RISCO ALTO;HVI3;R13;G4 - BHV;R23;8
V1805;G4;b.RISCO NEUTRO;HVI3;R13;G4 - BHV;R24;8
V1805;G4;a.RISCO BAIXO;HVI3;R13;G4 - BHV;R24;8
V1805;G4;c.RISCO ALTO;HVI3;R13;G4 - BHV;R24;8
V1805;G4;b.RISCO NEUTRO;HVI3;R13;G4 - BHV;R25;8
V1805;G4;a.RISCO BAIXO;HVI3;R13;G4 - BHV;R25;8
V1805;G4;c.RISCO ALTO;HVI3;R13;G4 - BHV;R25;8
V1805;G4;b.RISCO NEUTRO;HVI3;R04;Restritivos;COM RESTRITIVOS;15
V1805;G4;c.RISCO ALTO;HVI3;R04;Restritivos;COM RESTRITIVOS;15
V1805;G4;a.RISCO BAIXO;HVI3;R04;Restritivos;COM RESTRITIVOS;15
V1805;G4;b.RISCO NEUTRO;HVI3;R05;Restritivos;COM RESTRITIVOS;15
V1805;G4;a.RISCO BAIXO;HVI3;R05;Restritivos;COM RESTRITIVOS;15
V1805;G4;c.RISCO ALTO;HVI3;R05;Restritivos;COM RESTRITIVOS;15
V1805;G4;b.RISCO NEUTRO;HVI3;R14;G4 - BHV;R01;12
V1805;G4;a.RISCO BAIXO;HVI3;R14;G4 - BHV;R01;12
V1805;G4;c.RISCO ALTO;HVI3;R14;G4 - BHV;R01;12
V1805;G4;b.RISCO NEUTRO;HVI3;R14;G4 - BHV;R02;12
V1805;G4;a.RISCO BAIXO;HVI3;R14;G4 - BHV;R02;12
V1805;G4;c.RISCO ALTO;HVI3;R14;G4 - BHV;R02;12
V1805;G4;a.RISCO BAIXO;HVI3;R14;G4 - BHV;R03;12
V1805;G4;b.RISCO NEUTRO;HVI3;R14;G4 - BHV;R03;12
V1805;G4;c.RISCO ALTO;HVI3;R14;G4 - BHV;R03;12
V1805;G4;b.RISCO NEUTRO;HVI3;R14;G4 - BHV;R04;12
V1805;G4;a.RISCO BAIXO;HVI3;R14;G4 - BHV;R04;12
V1805;G4;c.RISCO ALTO;HVI3;R14;G4 - BHV;R04;12
V1805;G4;b.RISCO NEUTRO;HVI3;R14;G4 - BHV;R05;8
V1805;G4;a.RISCO BAIXO;HVI3;R14;G4 - BHV;R05;8
V1805;G4;c.RISCO ALTO;HVI3;R14;G4 - BHV;R05;8
V1805;G4;b.RISCO NEUTRO;HVI3;R14;G4 - BHV;R06;8
V1805;G4;a.RISCO BAIXO;HVI3;R14;G4 - BHV;R06;8
V1805;G4;c.RISCO ALTO;HVI3;R14;G4 - BHV;R06;8
V1805;G4;b.RISCO NEUTRO;HVI3;R14;G4 - BHV;R07;8
V1805;G4;a.RISCO BAIXO;HVI3;R14;G4 - BHV;R07;8
V1805;G4;c.RISCO ALTO;HVI3;R14;G4 - BHV;R07;8
V1805;G4;b.RISCO NEUTRO;HVI3;R14;G4 - BHV;R08;8
V1805;G4;a.RISCO BAIXO;HVI3;R14;G4 - BHV;R08;8
V1805;G4;c.RISCO ALTO;HVI3;R14;G4 - BHV;R08;8
V1805;G4;b.RISCO NEUTRO;HVI3;R14;G4 - BHV;R09;8
V1805;G4;a.RISCO BAIXO;HVI3;R14;G4 - BHV;R09;8
V1805;G4;c.RISCO ALTO;HVI3;R14;G4 - BHV;R09;8
V1805;G4;b.RISCO NEUTRO;HVI3;R14;G4 - BHV;R10;8
V1805;G4;a.RISCO BAIXO;HVI3;R14;G4 - BHV;R10;8
V1805;G4;c.RISCO ALTO;HVI3;R14;G4 - BHV;R10;8
V1805;G4;b.RISCO NEUTRO;HVI3;R14;G4 - BHV;R11;8
V1805;G4;a.RISCO BAIXO;HVI3;R14;G4 - BHV;R11;8
V1805;G4;c.RISCO ALTO;HVI3;R14;G4 - BHV;R11;8
V1805;G4;b.RISCO NEUTRO;HVI3;R14;G4 - BHV;R12;8
V1805;G4;a.RISCO BAIXO;HVI3;R14;G4 - BHV;R12;8
V1805;G4;c.RISCO ALTO;HVI3;R14;G4 - BHV;R12;8
V1805;G4;b.RISCO NEUTRO;HVI3;R14;G4 - BHV;R13;8
V1805;G4;a.RISCO BAIXO;HVI3;R14;G4 - BHV;R13;8
V1805;G4;c.RISCO ALTO;HVI3;R14;G4 - BHV;R13;8
V1805;G4;b.RISCO NEUTRO;HVI3;R14;G4 - BHV;R14;8
V1805;G4;a.RISCO BAIXO;HVI3;R14;G4 - BHV;R14;8
V1805;G4;c.RISCO ALTO;HVI3;R14;G4 - BHV;R14;8
V1805;G4;a.RISCO BAIXO;HVI3;R14;G4 - BHV;R15;8
V1805;G4;b.RISCO NEUTRO;HVI3;R14;G4 - BHV;R15;8
V1805;G4;c.RISCO ALTO;HVI3;R14;G4 - BHV;R15;8
V1805;G4;b.RISCO NEUTRO;HVI3;R14;G4 - BHV;R16;8
V1805;G4;a.RISCO BAIXO;HVI3;R14;G4 - BHV;R16;8
V1805;G4;c.RISCO ALTO;HVI3;R14;G4 - BHV;R16;8
V1805;G4;b.RISCO NEUTRO;HVI3;R14;G4 - BHV;R17;5
V1805;G4;a.RISCO BAIXO;HVI3;R14;G4 - BHV;R17;5
V1805;G4;c.RISCO ALTO;HVI3;R14;G4 - BHV;R17;5
V1805;G4;a.RISCO BAIXO;HVI3;R14;G4 - BHV;R18;5
V1805;G4;b.RISCO NEUTRO;HVI3;R14;G4 - BHV;R18;5
V1805;G4;c.RISCO ALTO;HVI3;R14;G4 - BHV;R18;5
V1805;G4;b.RISCO NEUTRO;HVI3;R14;G4 - BHV;R19;5
V1805;G4;a.RISCO BAIXO;HVI3;R14;G4 - BHV;R19;5
V1805;G4;c.RISCO ALTO;HVI3;R14;G4 - BHV;R19;5
V1805;G4;b.RISCO NEUTRO;HVI3;R14;G4 - BHV;R20;5
V1805;G4;c.RISCO ALTO;HVI3;R14;G4 - BHV;R20;5
V1805;G4;a.RISCO BAIXO;HVI3;R14;G4 - BHV;R20;5
V1805;G4;b.RISCO NEUTRO;HVI3;R14;G4 - BHV;R21;5
V1805;G4;a.RISCO BAIXO;HVI3;R14;G4 - BHV;R21;5
V1805;G4;c.RISCO ALTO;HVI3;R14;G4 - BHV;R21;5
V1805;G4;b.RISCO NEUTRO;HVI3;R14;G4 - BHV;R22;5
V1805;G4;a.RISCO BAIXO;HVI3;R14;G4 - BHV;R22;5
V1805;G4;c.RISCO ALTO;HVI3;R14;G4 - BHV;R22;5
V1805;G4;b.RISCO NEUTRO;HVI3;R14;G4 - BHV;R23;5
V1805;G4;a.RISCO BAIXO;HVI3;R14;G4 - BHV;R23;5
V1805;G4;c.RISCO ALTO;HVI3;R14;G4 - BHV;R23;5
V1805;G4;b.RISCO NEUTRO;HVI3;R14;G4 - BHV;R24;5
V1805;G4;a.RISCO BAIXO;HVI3;R14;G4 - BHV;R24;5
V1805;G4;c.RISCO ALTO;HVI3;R14;G4 - BHV;R24;5
V1805;G4;b.RISCO NEUTRO;HVI3;R14;G4 - BHV;R25;5
V1805;G4;a.RISCO BAIXO;HVI3;R14;G4 - BHV;R25;5
V1805;G4;c.RISCO ALTO;HVI3;R14;G4 - BHV;R25;5
V1805;G4;b.RISCO NEUTRO;HVI3;R06;Restritivos;COM RESTRITIVOS;15
V1805;G4;a.RISCO BAIXO;HVI3;R06;Restritivos;COM RESTRITIVOS;15
V1805;G4;c.RISCO ALTO;HVI3;R06;Restritivos;COM RESTRITIVOS;15
V1805;G4;b.RISCO NEUTRO;HVI3;R07;Restritivos;COM RESTRITIVOS;15
V1805;G4;a.RISCO BAIXO;HVI3;R07;Restritivos;COM RESTRITIVOS;15
V1805;G4;c.RISCO ALTO;HVI3;R07;Restritivos;COM RESTRITIVOS;15
V1805;G4;b.RISCO NEUTRO;HVI3;R15;G4 - BHV;R01;12
V1805;G4;a.RISCO BAIXO;HVI3;R15;G4 - BHV;R01;12
V1805;G4;c.RISCO ALTO;HVI3;R15;G4 - BHV;R01;12
V1805;G4;b.RISCO NEUTRO;HVI3;R15;G4 - BHV;R02;12
V1805;G4;a.RISCO BAIXO;HVI3;R15;G4 - BHV;R02;12
V1805;G4;c.RISCO ALTO;HVI3;R15;G4 - BHV;R02;12
V1805;G4;b.RISCO NEUTRO;HVI3;R15;G4 - BHV;R03;12
V1805;G4;a.RISCO BAIXO;HVI3;R15;G4 - BHV;R03;12
V1805;G4;c.RISCO ALTO;HVI3;R15;G4 - BHV;R03;12
V1805;G4;b.RISCO NEUTRO;HVI3;R15;G4 - BHV;R04;12
V1805;G4;a.RISCO BAIXO;HVI3;R15;G4 - BHV;R04;12
V1805;G4;c.RISCO ALTO;HVI3;R15;G4 - BHV;R04;12
V1805;G4;b.RISCO NEUTRO;HVI3;R15;G4 - BHV;R05;8
V1805;G4;a.RISCO BAIXO;HVI3;R15;G4 - BHV;R05;8
V1805;G4;c.RISCO ALTO;HVI3;R15;G4 - BHV;R05;8
V1805;G4;b.RISCO NEUTRO;HVI3;R15;G4 - BHV;R06;8
V1805;G4;a.RISCO BAIXO;HVI3;R15;G4 - BHV;R06;8
V1805;G4;c.RISCO ALTO;HVI3;R15;G4 - BHV;R06;8
V1805;G4;b.RISCO NEUTRO;HVI3;R15;G4 - BHV;R07;8
V1805;G4;a.RISCO BAIXO;HVI3;R15;G4 - BHV;R07;8
V1805;G4;c.RISCO ALTO;HVI3;R15;G4 - BHV;R07;8
V1805;G4;b.RISCO NEUTRO;HVI3;R15;G4 - BHV;R08;8
V1805;G4;a.RISCO BAIXO;HVI3;R15;G4 - BHV;R08;8
V1805;G4;c.RISCO ALTO;HVI3;R15;G4 - BHV;R08;8
V1805;G4;b.RISCO NEUTRO;HVI3;R15;G4 - BHV;R09;8
V1805;G4;a.RISCO BAIXO;HVI3;R15;G4 - BHV;R09;8
V1805;G4;c.RISCO ALTO;HVI3;R15;G4 - BHV;R09;8
V1805;G4;b.RISCO NEUTRO;HVI3;R15;G4 - BHV;R10;8
V1805;G4;a.RISCO BAIXO;HVI3;R15;G4 - BHV;R10;8
V1805;G4;c.RISCO ALTO;HVI3;R15;G4 - BHV;R10;8
V1805;G4;b.RISCO NEUTRO;HVI3;R15;G4 - BHV;R11;8
V1805;G4;a.RISCO BAIXO;HVI3;R15;G4 - BHV;R11;8
V1805;G4;c.RISCO ALTO;HVI3;R15;G4 - BHV;R11;8
V1805;G4;a.RISCO BAIXO;HVI3;R15;G4 - BHV;R12;8
V1805;G4;b.RISCO NEUTRO;HVI3;R15;G4 - BHV;R12;8
V1805;G4;c.RISCO ALTO;HVI3;R15;G4 - BHV;R12;8
V1805;G4;b.RISCO NEUTRO;HVI3;R15;G4 - BHV;R13;8
V1805;G4;c.RISCO ALTO;HVI3;R15;G4 - BHV;R13;8
V1805;G4;a.RISCO BAIXO;HVI3;R15;G4 - BHV;R13;8
V1805;G4;b.RISCO NEUTRO;HVI3;R15;G4 - BHV;R14;8
V1805;G4;a.RISCO BAIXO;HVI3;R15;G4 - BHV;R14;8
V1805;G4;c.RISCO ALTO;HVI3;R15;G4 - BHV;R14;8
V1805;G4;b.RISCO NEUTRO;HVI3;R15;G4 - BHV;R15;8
V1805;G4;a.RISCO BAIXO;HVI3;R15;G4 - BHV;R15;8
V1805;G4;c.RISCO ALTO;HVI3;R15;G4 - BHV;R15;8
V1805;G4;b.RISCO NEUTRO;HVI3;R15;G4 - BHV;R16;8
V1805;G4;a.RISCO BAIXO;HVI3;R15;G4 - BHV;R16;8
V1805;G4;c.RISCO ALTO;HVI3;R15;G4 - BHV;R16;8
V1805;G4;b.RISCO NEUTRO;HVI3;R15;G4 - BHV;R17;5
V1805;G4;a.RISCO BAIXO;HVI3;R15;G4 - BHV;R17;5
V1805;G4;c.RISCO ALTO;HVI3;R15;G4 - BHV;R17;5
V1805;G4;b.RISCO NEUTRO;HVI3;R15;G4 - BHV;R18;5
V1805;G4;a.RISCO BAIXO;HVI3;R15;G4 - BHV;R18;5
V1805;G4;c.RISCO ALTO;HVI3;R15;G4 - BHV;R18;5
V1805;G4;b.RISCO NEUTRO;HVI3;R15;G4 - BHV;R19;5
V1805;G4;a.RISCO BAIXO;HVI3;R15;G4 - BHV;R19;5
V1805;G4;c.RISCO ALTO;HVI3;R15;G4 - BHV;R19;5
V1805;G4;b.RISCO NEUTRO;HVI3;R15;G4 - BHV;R20;5
V1805;G4;a.RISCO BAIXO;HVI3;R15;G4 - BHV;R20;5
V1805;G4;c.RISCO ALTO;HVI3;R15;G4 - BHV;R20;5
V1805;G4;c.RISCO ALTO;HVI3;R15;G4 - BHV;R21;5
V1805;G4;b.RISCO NEUTRO;HVI3;R15;G4 - BHV;R21;5
V1805;G4;a.RISCO BAIXO;HVI3;R15;G4 - BHV;R21;5
V1805;G4;b.RISCO NEUTRO;HVI3;R15;G4 - BHV;R22;5
V1805;G4;a.RISCO BAIXO;HVI3;R15;G4 - BHV;R22;5
V1805;G4;c.RISCO ALTO;HVI3;R15;G4 - BHV;R22;5
V1805;G4;b.RISCO NEUTRO;HVI3;R15;G4 - BHV;R23;5
V1805;G4;a.RISCO BAIXO;HVI3;R15;G4 - BHV;R23;5
V1805;G4;c.RISCO ALTO;HVI3;R15;G4 - BHV;R23;5
V1805;G4;b.RISCO NEUTRO;HVI3;R15;G4 - BHV;R24;5
V1805;G4;a.RISCO BAIXO;HVI3;R15;G4 - BHV;R24;5
V1805;G4;c.RISCO ALTO;HVI3;R15;G4 - BHV;R24;5
V1805;G4;b.RISCO NEUTRO;HVI3;R15;G4 - BHV;R25;5
V1805;G4;a.RISCO BAIXO;HVI3;R15;G4 - BHV;R25;5
V1805;G4;c.RISCO ALTO;HVI3;R15;G4 - BHV;R25;5
V1805;G4;c.RISCO ALTO;HVI3;R08;Restritivos;COM RESTRITIVOS;12
V1805;G4;b.RISCO NEUTRO;HVI3;R08;Restritivos;COM RESTRITIVOS;12
V1805;G4;a.RISCO BAIXO;HVI3;R08;Restritivos;COM RESTRITIVOS;12
V1805;G4;b.RISCO NEUTRO;HVI3;R09;Restritivos;COM RESTRITIVOS;12
V1805;G4;a.RISCO BAIXO;HVI3;R09;Restritivos;COM RESTRITIVOS;12
V1805;G4;c.RISCO ALTO;HVI3;R09;Restritivos;COM RESTRITIVOS;12
V1805;G4;b.RISCO NEUTRO;HVI3;R16;G4 - BHV;R01;12
V1805;G4;a.RISCO BAIXO;HVI3;R16;G4 - BHV;R01;12
V1805;G4;c.RISCO ALTO;HVI3;R16;G4 - BHV;R01;12
V1805;G4;b.RISCO NEUTRO;HVI3;R16;G4 - BHV;R02;12
V1805;G4;a.RISCO BAIXO;HVI3;R16;G4 - BHV;R02;12
V1805;G4;c.RISCO ALTO;HVI3;R16;G4 - BHV;R02;12
V1805;G4;b.RISCO NEUTRO;HVI3;R16;G4 - BHV;R03;12
V1805;G4;a.RISCO BAIXO;HVI3;R16;G4 - BHV;R03;12
V1805;G4;c.RISCO ALTO;HVI3;R16;G4 - BHV;R03;12
V1805;G4;b.RISCO NEUTRO;HVI3;R16;G4 - BHV;R04;12
V1805;G4;a.RISCO BAIXO;HVI3;R16;G4 - BHV;R04;12
V1805;G4;c.RISCO ALTO;HVI3;R16;G4 - BHV;R04;12
V1805;G4;b.RISCO NEUTRO;HVI3;R16;G4 - BHV;R05;8
V1805;G4;a.RISCO BAIXO;HVI3;R16;G4 - BHV;R05;8
V1805;G4;c.RISCO ALTO;HVI3;R16;G4 - BHV;R05;8
V1805;G4;b.RISCO NEUTRO;HVI3;R16;G4 - BHV;R06;8
V1805;G4;a.RISCO BAIXO;HVI3;R16;G4 - BHV;R06;8
V1805;G4;c.RISCO ALTO;HVI3;R16;G4 - BHV;R06;8
V1805;G4;b.RISCO NEUTRO;HVI3;R16;G4 - BHV;R07;8
V1805;G4;a.RISCO BAIXO;HVI3;R16;G4 - BHV;R07;8
V1805;G4;c.RISCO ALTO;HVI3;R16;G4 - BHV;R07;8
V1805;G4;b.RISCO NEUTRO;HVI3;R16;G4 - BHV;R08;8
V1805;G4;a.RISCO BAIXO;HVI3;R16;G4 - BHV;R08;8
V1805;G4;c.RISCO ALTO;HVI3;R16;G4 - BHV;R08;8
V1805;G4;a.RISCO BAIXO;HVI3;R16;G4 - BHV;R09;8
V1805;G4;b.RISCO NEUTRO;HVI3;R16;G4 - BHV;R09;8
V1805;G4;c.RISCO ALTO;HVI3;R16;G4 - BHV;R09;8
V1805;G4;b.RISCO NEUTRO;HVI3;R16;G4 - BHV;R10;8
V1805;G4;a.RISCO BAIXO;HVI3;R16;G4 - BHV;R10;8
V1805;G4;c.RISCO ALTO;HVI3;R16;G4 - BHV;R10;8
V1805;G4;b.RISCO NEUTRO;HVI3;R16;G4 - BHV;R11;8
V1805;G4;a.RISCO BAIXO;HVI3;R16;G4 - BHV;R11;8
V1805;G4;c.RISCO ALTO;HVI3;R16;G4 - BHV;R11;8
V1805;G4;b.RISCO NEUTRO;HVI3;R16;G4 - BHV;R12;8
V1805;G4;a.RISCO BAIXO;HVI3;R16;G4 - BHV;R12;8
V1805;G4;c.RISCO ALTO;HVI3;R16;G4 - BHV;R12;8
V1805;G4;b.RISCO NEUTRO;HVI3;R16;G4 - BHV;R13;8
V1805;G4;a.RISCO BAIXO;HVI3;R16;G4 - BHV;R13;8
V1805;G4;c.RISCO ALTO;HVI3;R16;G4 - BHV;R13;8
V1805;G4;b.RISCO NEUTRO;HVI3;R16;G4 - BHV;R14;8
V1805;G4;a.RISCO BAIXO;HVI3;R16;G4 - BHV;R14;8
V1805;G4;c.RISCO ALTO;HVI3;R16;G4 - BHV;R14;8
V1805;G4;b.RISCO NEUTRO;HVI3;R16;G4 - BHV;R15;8
V1805;G4;a.RISCO BAIXO;HVI3;R16;G4 - BHV;R15;8
V1805;G4;c.RISCO ALTO;HVI3;R16;G4 - BHV;R15;8
V1805;G4;b.RISCO NEUTRO;HVI3;R16;G4 - BHV;R16;8
V1805;G4;a.RISCO BAIXO;HVI3;R16;G4 - BHV;R16;8
V1805;G4;c.RISCO ALTO;HVI3;R16;G4 - BHV;R16;8
V1805;G4;b.RISCO NEUTRO;HVI3;R16;G4 - BHV;R17;5
V1805;G4;a.RISCO BAIXO;HVI3;R16;G4 - BHV;R17;5
V1805;G4;c.RISCO ALTO;HVI3;R16;G4 - BHV;R17;5
V1805;G4;b.RISCO NEUTRO;HVI3;R16;G4 - BHV;R18;5
V1805;G4;a.RISCO BAIXO;HVI3;R16;G4 - BHV;R18;5
V1805;G4;c.RISCO ALTO;HVI3;R16;G4 - BHV;R18;5
V1805;G4;b.RISCO NEUTRO;HVI3;R16;G4 - BHV;R19;5
V1805;G4;a.RISCO BAIXO;HVI3;R16;G4 - BHV;R19;5
V1805;G4;c.RISCO ALTO;HVI3;R16;G4 - BHV;R19;5
V1805;G4;b.RISCO NEUTRO;HVI3;R16;G4 - BHV;R20;5
V1805;G4;a.RISCO BAIXO;HVI3;R16;G4 - BHV;R20;5
V1805;G4;c.RISCO ALTO;HVI3;R16;G4 - BHV;R20;5
V1805;G4;b.RISCO NEUTRO;HVI3;R16;G4 - BHV;R21;5
V1805;G4;a.RISCO BAIXO;HVI3;R16;G4 - BHV;R21;5
V1805;G4;c.RISCO ALTO;HVI3;R16;G4 - BHV;R21;5
V1805;G4;b.RISCO NEUTRO;HVI3;R16;G4 - BHV;R22;5
V1805;G4;a.RISCO BAIXO;HVI3;R16;G4 - BHV;R22;5
V1805;G4;c.RISCO ALTO;HVI3;R16;G4 - BHV;R22;5
V1805;G4;b.RISCO NEUTRO;HVI3;R16;G4 - BHV;R23;5
V1805;G4;a.RISCO BAIXO;HVI3;R16;G4 - BHV;R23;5
V1805;G4;c.RISCO ALTO;HVI3;R16;G4 - BHV;R23;5
V1805;G4;a.RISCO BAIXO;HVI3;R16;G4 - BHV;R24;5
V1805;G4;b.RISCO NEUTRO;HVI3;R16;G4 - BHV;R24;5
V1805;G4;c.RISCO ALTO;HVI3;R16;G4 - BHV;R24;5
V1805;G4;b.RISCO NEUTRO;HVI3;R16;G4 - BHV;R25;5
V1805;G4;a.RISCO BAIXO;HVI3;R16;G4 - BHV;R25;5
V1805;G4;c.RISCO ALTO;HVI3;R16;G4 - BHV;R25;5
V1805;G4;a.RISCO BAIXO;HVI3;R10;Restritivos;COM RESTRITIVOS;8
V1805;G4;b.RISCO NEUTRO;HVI3;R10;Restritivos;COM RESTRITIVOS;8
V1805;G4;c.RISCO ALTO;HVI3;R10;Restritivos;COM RESTRITIVOS;8
V1805;G4;b.RISCO NEUTRO;HVI3;R11;Restritivos;COM RESTRITIVOS;8
V1805;G4;c.RISCO ALTO;HVI3;R11;Restritivos;COM RESTRITIVOS;8
V1805;G4;a.RISCO BAIXO;HVI3;R11;Restritivos;COM RESTRITIVOS;8
V1805;G4;b.RISCO NEUTRO;HVI3;R17;G4 - BHV;R01;12
V1805;G4;a.RISCO BAIXO;HVI3;R17;G4 - BHV;R01;12
V1805;G4;c.RISCO ALTO;HVI3;R17;G4 - BHV;R01;12
V1805;G4;b.RISCO NEUTRO;HVI3;R17;G4 - BHV;R02;12
V1805;G4;a.RISCO BAIXO;HVI3;R17;G4 - BHV;R02;12
V1805;G4;c.RISCO ALTO;HVI3;R17;G4 - BHV;R02;12
V1805;G4;b.RISCO NEUTRO;HVI3;R17;G4 - BHV;R03;12
V1805;G4;a.RISCO BAIXO;HVI3;R17;G4 - BHV;R03;12
V1805;G4;c.RISCO ALTO;HVI3;R17;G4 - BHV;R03;12
V1805;G4;b.RISCO NEUTRO;HVI3;R17;G4 - BHV;R04;12
V1805;G4;a.RISCO BAIXO;HVI3;R17;G4 - BHV;R04;12
V1805;G4;c.RISCO ALTO;HVI3;R17;G4 - BHV;R04;12
V1805;G4;b.RISCO NEUTRO;HVI3;R17;G4 - BHV;R05;5
V1805;G4;a.RISCO BAIXO;HVI3;R17;G4 - BHV;R05;5
V1805;G4;c.RISCO ALTO;HVI3;R17;G4 - BHV;R05;5
V1805;G4;b.RISCO NEUTRO;HVI3;R17;G4 - BHV;R06;5
V1805;G4;a.RISCO BAIXO;HVI3;R17;G4 - BHV;R06;5
V1805;G4;c.RISCO ALTO;HVI3;R17;G4 - BHV;R06;5
V1805;G4;b.RISCO NEUTRO;HVI3;R17;G4 - BHV;R07;5
V1805;G4;c.RISCO ALTO;HVI3;R17;G4 - BHV;R07;5
V1805;G4;a.RISCO BAIXO;HVI3;R17;G4 - BHV;R07;5
V1805;G4;b.RISCO NEUTRO;HVI3;R17;G4 - BHV;R08;5
V1805;G4;a.RISCO BAIXO;HVI3;R17;G4 - BHV;R08;5
V1805;G4;c.RISCO ALTO;HVI3;R17;G4 - BHV;R08;5
V1805;G4;b.RISCO NEUTRO;HVI3;R17;G4 - BHV;R09;5
V1805;G4;a.RISCO BAIXO;HVI3;R17;G4 - BHV;R09;5
V1805;G4;c.RISCO ALTO;HVI3;R17;G4 - BHV;R09;5
V1805;G4;b.RISCO NEUTRO;HVI3;R17;G4 - BHV;R10;5
V1805;G4;a.RISCO BAIXO;HVI3;R17;G4 - BHV;R10;5
V1805;G4;c.RISCO ALTO;HVI3;R17;G4 - BHV;R10;5
V1805;G4;b.RISCO NEUTRO;HVI3;R17;G4 - BHV;R11;5
V1805;G4;a.RISCO BAIXO;HVI3;R17;G4 - BHV;R11;5
V1805;G4;c.RISCO ALTO;HVI3;R17;G4 - BHV;R11;5
V1805;G4;b.RISCO NEUTRO;HVI3;R17;G4 - BHV;R12;5
V1805;G4;a.RISCO BAIXO;HVI3;R17;G4 - BHV;R12;5
V1805;G4;c.RISCO ALTO;HVI3;R17;G4 - BHV;R12;5
V1805;G4;b.RISCO NEUTRO;HVI3;R17;G4 - BHV;R13;5
V1805;G4;a.RISCO BAIXO;HVI3;R17;G4 - BHV;R13;5
V1805;G4;c.RISCO ALTO;HVI3;R17;G4 - BHV;R13;5
V1805;G4;b.RISCO NEUTRO;HVI3;R17;G4 - BHV;R14;5
V1805;G4;a.RISCO BAIXO;HVI3;R17;G4 - BHV;R14;5
V1805;G4;c.RISCO ALTO;HVI3;R17;G4 - BHV;R14;5
V1805;G4;b.RISCO NEUTRO;HVI3;R17;G4 - BHV;R15;5
V1805;G4;a.RISCO BAIXO;HVI3;R17;G4 - BHV;R15;5
V1805;G4;c.RISCO ALTO;HVI3;R17;G4 - BHV;R15;5
V1805;G4;b.RISCO NEUTRO;HVI3;R17;G4 - BHV;R16;5
V1805;G4;a.RISCO BAIXO;HVI3;R17;G4 - BHV;R16;5
V1805;G4;c.RISCO ALTO;HVI3;R17;G4 - BHV;R16;5
V1805;G4;b.RISCO NEUTRO;HVI3;R17;G4 - BHV;R17;5
V1805;G4;a.RISCO BAIXO;HVI3;R17;G4 - BHV;R17;5
V1805;G4;c.RISCO ALTO;HVI3;R17;G4 - BHV;R17;5
V1805;G4;b.RISCO NEUTRO;HVI3;R17;G4 - BHV;R18;5
V1805;G4;a.RISCO BAIXO;HVI3;R17;G4 - BHV;R18;5
V1805;G4;c.RISCO ALTO;HVI3;R17;G4 - BHV;R18;5
V1805;G4;b.RISCO NEUTRO;HVI3;R17;G4 - BHV;R19;5
V1805;G4;a.RISCO BAIXO;HVI3;R17;G4 - BHV;R19;5
V1805;G4;c.RISCO ALTO;HVI3;R17;G4 - BHV;R19;5
V1805;G4;b.RISCO NEUTRO;HVI3;R17;G4 - BHV;R20;5
V1805;G4;a.RISCO BAIXO;HVI3;R17;G4 - BHV;R20;5
V1805;G4;c.RISCO ALTO;HVI3;R17;G4 - BHV;R20;5
V1805;G4;b.RISCO NEUTRO;HVI3;R17;G4 - BHV;R21;5
V1805;G4;a.RISCO BAIXO;HVI3;R17;G4 - BHV;R21;5
V1805;G4;c.RISCO ALTO;HVI3;R17;G4 - BHV;R21;5
V1805;G4;b.RISCO NEUTRO;HVI3;R17;G4 - BHV;R22;5
V1805;G4;a.RISCO BAIXO;HVI3;R17;G4 - BHV;R22;5
V1805;G4;c.RISCO ALTO;HVI3;R17;G4 - BHV;R22;5
V1805;G4;b.RISCO NEUTRO;HVI3;R17;G4 - BHV;R23;5
V1805;G4;a.RISCO BAIXO;HVI3;R17;G4 - BHV;R23;5
V1805;G4;c.RISCO ALTO;HVI3;R17;G4 - BHV;R23;5
V1805;G4;b.RISCO NEUTRO;HVI3;R17;G4 - BHV;R24;5
V1805;G4;a.RISCO BAIXO;HVI3;R17;G4 - BHV;R24;5
V1805;G4;c.RISCO ALTO;HVI3;R17;G4 - BHV;R24;5
V1805;G4;b.RISCO NEUTRO;HVI3;R17;G4 - BHV;R25;5
V1805;G4;a.RISCO BAIXO;HVI3;R17;G4 - BHV;R25;5
V1805;G4;c.RISCO ALTO;HVI3;R17;G4 - BHV;R25;5
V1805;G4;b.RISCO NEUTRO;HVI3;R12;Restritivos;COM RESTRITIVOS;8
V1805;G4;a.RISCO BAIXO;HVI3;R12;Restritivos;COM RESTRITIVOS;8
V1805;G4;c.RISCO ALTO;HVI3;R12;Restritivos;COM RESTRITIVOS;8
V1805;G4;b.RISCO NEUTRO;HVI3;R13;Restritivos;COM RESTRITIVOS;8
V1805;G4;a.RISCO BAIXO;HVI3;R13;Restritivos;COM RESTRITIVOS;8
V1805;G4;c.RISCO ALTO;HVI3;R13;Restritivos;COM RESTRITIVOS;8
V1805;G4;b.RISCO NEUTRO;HVI3;R18;G4 - BHV;R01;12
V1805;G4;a.RISCO BAIXO;HVI3;R18;G4 - BHV;R01;12
V1805;G4;c.RISCO ALTO;HVI3;R18;G4 - BHV;R01;12
V1805;G4;b.RISCO NEUTRO;HVI3;R18;G4 - BHV;R02;12
V1805;G4;a.RISCO BAIXO;HVI3;R18;G4 - BHV;R02;12
V1805;G4;c.RISCO ALTO;HVI3;R18;G4 - BHV;R02;12
V1805;G4;b.RISCO NEUTRO;HVI3;R18;G4 - BHV;R03;12
V1805;G4;a.RISCO BAIXO;HVI3;R18;G4 - BHV;R03;12
V1805;G4;c.RISCO ALTO;HVI3;R18;G4 - BHV;R03;12
V1805;G4;b.RISCO NEUTRO;HVI3;R18;G4 - BHV;R04;12
V1805;G4;a.RISCO BAIXO;HVI3;R18;G4 - BHV;R04;12
V1805;G4;c.RISCO ALTO;HVI3;R18;G4 - BHV;R04;12
V1805;G4;b.RISCO NEUTRO;HVI3;R18;G4 - BHV;R05;5
V1805;G4;a.RISCO BAIXO;HVI3;R18;G4 - BHV;R05;5
V1805;G4;c.RISCO ALTO;HVI3;R18;G4 - BHV;R05;5
V1805;G4;b.RISCO NEUTRO;HVI3;R18;G4 - BHV;R06;5
V1805;G4;a.RISCO BAIXO;HVI3;R18;G4 - BHV;R06;5
V1805;G4;c.RISCO ALTO;HVI3;R18;G4 - BHV;R06;5
V1805;G4;b.RISCO NEUTRO;HVI3;R18;G4 - BHV;R07;5
V1805;G4;a.RISCO BAIXO;HVI3;R18;G4 - BHV;R07;5
V1805;G4;c.RISCO ALTO;HVI3;R18;G4 - BHV;R07;5
V1805;G4;b.RISCO NEUTRO;HVI3;R18;G4 - BHV;R08;5
V1805;G4;a.RISCO BAIXO;HVI3;R18;G4 - BHV;R08;5
V1805;G4;c.RISCO ALTO;HVI3;R18;G4 - BHV;R08;5
V1805;G4;b.RISCO NEUTRO;HVI3;R18;G4 - BHV;R09;5
V1805;G4;a.RISCO BAIXO;HVI3;R18;G4 - BHV;R09;5
V1805;G4;c.RISCO ALTO;HVI3;R18;G4 - BHV;R09;5
V1805;G4;b.RISCO NEUTRO;HVI3;R18;G4 - BHV;R10;5
V1805;G4;a.RISCO BAIXO;HVI3;R18;G4 - BHV;R10;5
V1805;G4;c.RISCO ALTO;HVI3;R18;G4 - BHV;R10;5
V1805;G4;b.RISCO NEUTRO;HVI3;R18;G4 - BHV;R11;5
V1805;G4;a.RISCO BAIXO;HVI3;R18;G4 - BHV;R11;5
V1805;G4;c.RISCO ALTO;HVI3;R18;G4 - BHV;R11;5
V1805;G4;b.RISCO NEUTRO;HVI3;R18;G4 - BHV;R12;5
V1805;G4;a.RISCO BAIXO;HVI3;R18;G4 - BHV;R12;5
V1805;G4;c.RISCO ALTO;HVI3;R18;G4 - BHV;R12;5
V1805;G4;b.RISCO NEUTRO;HVI3;R18;G4 - BHV;R13;5
V1805;G4;a.RISCO BAIXO;HVI3;R18;G4 - BHV;R13;5
V1805;G4;c.RISCO ALTO;HVI3;R18;G4 - BHV;R13;5
V1805;G4;a.RISCO BAIXO;HVI3;R18;G4 - BHV;R14;5
V1805;G4;c.RISCO ALTO;HVI3;R18;G4 - BHV;R14;5
V1805;G4;b.RISCO NEUTRO;HVI3;R18;G4 - BHV;R14;5
V1805;G4;a.RISCO BAIXO;HVI3;R18;G4 - BHV;R15;5
V1805;G4;c.RISCO ALTO;HVI3;R18;G4 - BHV;R15;5
V1805;G4;b.RISCO NEUTRO;HVI3;R18;G4 - BHV;R15;5
V1805;G4;a.RISCO BAIXO;HVI3;R18;G4 - BHV;R16;5
V1805;G4;c.RISCO ALTO;HVI3;R18;G4 - BHV;R16;5
V1805;G4;b.RISCO NEUTRO;HVI3;R18;G4 - BHV;R16;5
V1805;G4;a.RISCO BAIXO;HVI3;R18;G4 - BHV;R17;5
V1805;G4;c.RISCO ALTO;HVI3;R18;G4 - BHV;R17;5
V1805;G4;b.RISCO NEUTRO;HVI3;R18;G4 - BHV;R17;5
V1805;G4;a.RISCO BAIXO;HVI3;R18;G4 - BHV;R18;5
V1805;G4;c.RISCO ALTO;HVI3;R18;G4 - BHV;R18;5
V1805;G4;b.RISCO NEUTRO;HVI3;R18;G4 - BHV;R18;5
V1805;G4;c.RISCO ALTO;HVI3;R18;G4 - BHV;R19;5
V1805;G4;a.RISCO BAIXO;HVI3;R18;G4 - BHV;R19;5
V1805;G4;b.RISCO NEUTRO;HVI3;R18;G4 - BHV;R19;5
V1805;G4;a.RISCO BAIXO;HVI3;R18;G4 - BHV;R20;5
V1805;G4;c.RISCO ALTO;HVI3;R18;G4 - BHV;R20;5
V1805;G4;b.RISCO NEUTRO;HVI3;R18;G4 - BHV;R20;5
V1805;G4;a.RISCO BAIXO;HVI3;R18;G4 - BHV;R21;5
V1805;G4;c.RISCO ALTO;HVI3;R18;G4 - BHV;R21;5
V1805;G4;b.RISCO NEUTRO;HVI3;R18;G4 - BHV;R21;5
V1805;G4;a.RISCO BAIXO;HVI3;R18;G4 - BHV;R22;5
V1805;G4;c.RISCO ALTO;HVI3;R18;G4 - BHV;R22;5
V1805;G4;b.RISCO NEUTRO;HVI3;R18;G4 - BHV;R22;5
V1805;G4;a.RISCO BAIXO;HVI3;R18;G4 - BHV;R23;5
V1805;G4;c.RISCO ALTO;HVI3;R18;G4 - BHV;R23;5
V1805;G4;b.RISCO NEUTRO;HVI3;R18;G4 - BHV;R23;5
V1805;G4;a.RISCO BAIXO;HVI3;R18;G4 - BHV;R24;5
V1805;G4;c.RISCO ALTO;HVI3;R18;G4 - BHV;R24;5
V1805;G4;b.RISCO NEUTRO;HVI3;R18;G4 - BHV;R24;5
V1805;G4;a.RISCO BAIXO;HVI3;R18;G4 - BHV;R25;5
V1805;G4;c.RISCO ALTO;HVI3;R18;G4 - BHV;R25;5
V1805;G4;b.RISCO NEUTRO;HVI3;R18;G4 - BHV;R25;5
V1805;G4;b.RISCO NEUTRO;HVI3;R14;Restritivos;COM RESTRITIVOS;5
V1805;G4;a.RISCO BAIXO;HVI3;R14;Restritivos;COM RESTRITIVOS;5
V1805;G4;c.RISCO ALTO;HVI3;R14;Restritivos;COM RESTRITIVOS;5
V1805;G4;a.RISCO BAIXO;HVI3;R15;Restritivos;COM RESTRITIVOS;5
V1805;G4;b.RISCO NEUTRO;HVI3;R15;Restritivos;COM RESTRITIVOS;5
V1805;G4;c.RISCO ALTO;HVI3;R15;Restritivos;COM RESTRITIVOS;5
V1805;G4;a.RISCO BAIXO;HVI3;R19;G4 - BHV;R01;12
V1805;G4;c.RISCO ALTO;HVI3;R19;G4 - BHV;R01;12
V1805;G4;b.RISCO NEUTRO;HVI3;R19;G4 - BHV;R01;12
V1805;G4;a.RISCO BAIXO;HVI3;R19;G4 - BHV;R02;12
V1805;G4;c.RISCO ALTO;HVI3;R19;G4 - BHV;R02;12
V1805;G4;b.RISCO NEUTRO;HVI3;R19;G4 - BHV;R02;12
V1805;G4;a.RISCO BAIXO;HVI3;R19;G4 - BHV;R03;12
V1805;G4;c.RISCO ALTO;HVI3;R19;G4 - BHV;R03;12
V1805;G4;b.RISCO NEUTRO;HVI3;R19;G4 - BHV;R03;12
V1805;G4;a.RISCO BAIXO;HVI3;R19;G4 - BHV;R04;12
V1805;G4;c.RISCO ALTO;HVI3;R19;G4 - BHV;R04;12
V1805;G4;b.RISCO NEUTRO;HVI3;R19;G4 - BHV;R04;12
V1805;G4;a.RISCO BAIXO;HVI3;R19;G4 - BHV;R05;5
V1805;G4;c.RISCO ALTO;HVI3;R19;G4 - BHV;R05;5
V1805;G4;b.RISCO NEUTRO;HVI3;R19;G4 - BHV;R05;5
V1805;G4;a.RISCO BAIXO;HVI3;R19;G4 - BHV;R06;5
V1805;G4;c.RISCO ALTO;HVI3;R19;G4 - BHV;R06;5
V1805;G4;b.RISCO NEUTRO;HVI3;R19;G4 - BHV;R06;5
V1805;G4;a.RISCO BAIXO;HVI3;R19;G4 - BHV;R07;5
V1805;G4;c.RISCO ALTO;HVI3;R19;G4 - BHV;R07;5
V1805;G4;b.RISCO NEUTRO;HVI3;R19;G4 - BHV;R07;5
V1805;G4;a.RISCO BAIXO;HVI3;R19;G4 - BHV;R08;5
V1805;G4;c.RISCO ALTO;HVI3;R19;G4 - BHV;R08;5
V1805;G4;b.RISCO NEUTRO;HVI3;R19;G4 - BHV;R08;5
V1805;G4;a.RISCO BAIXO;HVI3;R19;G4 - BHV;R09;5
V1805;G4;c.RISCO ALTO;HVI3;R19;G4 - BHV;R09;5
V1805;G4;b.RISCO NEUTRO;HVI3;R19;G4 - BHV;R09;5
V1805;G4;a.RISCO BAIXO;HVI3;R19;G4 - BHV;R10;5
V1805;G4;c.RISCO ALTO;HVI3;R19;G4 - BHV;R10;5
V1805;G4;b.RISCO NEUTRO;HVI3;R19;G4 - BHV;R10;5
V1805;G4;a.RISCO BAIXO;HVI3;R19;G4 - BHV;R11;5
V1805;G4;c.RISCO ALTO;HVI3;R19;G4 - BHV;R11;5
V1805;G4;b.RISCO NEUTRO;HVI3;R19;G4 - BHV;R11;5
V1805;G4;a.RISCO BAIXO;HVI3;R19;G4 - BHV;R12;5
V1805;G4;c.RISCO ALTO;HVI3;R19;G4 - BHV;R12;5
V1805;G4;b.RISCO NEUTRO;HVI3;R19;G4 - BHV;R12;5
V1805;G4;a.RISCO BAIXO;HVI3;R19;G4 - BHV;R13;5
V1805;G4;c.RISCO ALTO;HVI3;R19;G4 - BHV;R13;5
V1805;G4;b.RISCO NEUTRO;HVI3;R19;G4 - BHV;R13;5
V1805;G4;a.RISCO BAIXO;HVI3;R19;G4 - BHV;R14;5
V1805;G4;c.RISCO ALTO;HVI3;R19;G4 - BHV;R14;3
V1805;G4;b.RISCO NEUTRO;HVI3;R19;G4 - BHV;R14;3
V1805;G4;a.RISCO BAIXO;HVI3;R19;G4 - BHV;R15;5
V1805;G4;c.RISCO ALTO;HVI3;R19;G4 - BHV;R15;3
V1805;G4;b.RISCO NEUTRO;HVI3;R19;G4 - BHV;R15;3
V1805;G4;a.RISCO BAIXO;HVI3;R19;G4 - BHV;R16;5
V1805;G4;c.RISCO ALTO;HVI3;R19;G4 - BHV;R16;3
V1805;G4;b.RISCO NEUTRO;HVI3;R19;G4 - BHV;R16;3
V1805;G4;a.RISCO BAIXO;HVI3;R19;G4 - BHV;R17;5
V1805;G4;c.RISCO ALTO;HVI3;R19;G4 - BHV;R17;3
V1805;G4;b.RISCO NEUTRO;HVI3;R19;G4 - BHV;R17;3
V1805;G4;a.RISCO BAIXO;HVI3;R19;G4 - BHV;R18;5
V1805;G4;c.RISCO ALTO;HVI3;R19;G4 - BHV;R18;3
V1805;G4;b.RISCO NEUTRO;HVI3;R19;G4 - BHV;R18;3
V1805;G4;a.RISCO BAIXO;HVI3;R19;G4 - BHV;R19;5
V1805;G4;c.RISCO ALTO;HVI3;R19;G4 - BHV;R19;3
V1805;G4;b.RISCO NEUTRO;HVI3;R19;G4 - BHV;R19;3
V1805;G4;a.RISCO BAIXO;HVI3;R19;G4 - BHV;R20;5
V1805;G4;c.RISCO ALTO;HVI3;R19;G4 - BHV;R20;3
V1805;G4;b.RISCO NEUTRO;HVI3;R19;G4 - BHV;R20;3
V1805;G4;a.RISCO BAIXO;HVI3;R19;G4 - BHV;R21;5
V1805;G4;c.RISCO ALTO;HVI3;R19;G4 - BHV;R21;3
V1805;G4;b.RISCO NEUTRO;HVI3;R19;G4 - BHV;R21;3
V1805;G4;a.RISCO BAIXO;HVI3;R19;G4 - BHV;R22;5
V1805;G4;c.RISCO ALTO;HVI3;R19;G4 - BHV;R22;3
V1805;G4;b.RISCO NEUTRO;HVI3;R19;G4 - BHV;R22;3
V1805;G4;a.RISCO BAIXO;HVI3;R19;G4 - BHV;R23;5
V1805;G4;c.RISCO ALTO;HVI3;R19;G4 - BHV;R23;0
V1805;G4;b.RISCO NEUTRO;HVI3;R19;G4 - BHV;R23;3
V1805;G4;a.RISCO BAIXO;HVI3;R19;G4 - BHV;R24;5
V1805;G4;c.RISCO ALTO;HVI3;R19;G4 - BHV;R24;0
V1805;G4;b.RISCO NEUTRO;HVI3;R19;G4 - BHV;R24;0
V1805;G4;a.RISCO BAIXO;HVI3;R19;G4 - BHV;R25;5
V1805;G4;c.RISCO ALTO;HVI3;R19;G4 - BHV;R25;0
V1805;G4;b.RISCO NEUTRO;HVI3;R19;G4 - BHV;R25;0
V1805;G4;b.RISCO NEUTRO;HVI3;R16;Restritivos;COM RESTRITIVOS;5
V1805;G4;a.RISCO BAIXO;HVI3;R16;Restritivos;COM RESTRITIVOS;5
V1805;G4;c.RISCO ALTO;HVI3;R16;Restritivos;COM RESTRITIVOS;5
V1805;G4;b.RISCO NEUTRO;HVI3;R17;Restritivos;COM RESTRITIVOS;5
V1805;G4;a.RISCO BAIXO;HVI3;R17;Restritivos;COM RESTRITIVOS;5
V1805;G4;c.RISCO ALTO;HVI3;R17;Restritivos;COM RESTRITIVOS;5
V1805;G4;a.RISCO BAIXO;HVI3;R20;G4 - BHV;R01;12
V1805;G4;c.RISCO ALTO;HVI3;R20;G4 - BHV;R01;12
V1805;G4;b.RISCO NEUTRO;HVI3;R20;G4 - BHV;R01;12
V1805;G4;a.RISCO BAIXO;HVI3;R20;G4 - BHV;R02;12
V1805;G4;c.RISCO ALTO;HVI3;R20;G4 - BHV;R02;12
V1805;G4;b.RISCO NEUTRO;HVI3;R20;G4 - BHV;R02;12
V1805;G4;a.RISCO BAIXO;HVI3;R20;G4 - BHV;R03;12
V1805;G4;c.RISCO ALTO;HVI3;R20;G4 - BHV;R03;12
V1805;G4;b.RISCO NEUTRO;HVI3;R20;G4 - BHV;R03;12
V1805;G4;a.RISCO BAIXO;HVI3;R20;G4 - BHV;R04;12
V1805;G4;c.RISCO ALTO;HVI3;R20;G4 - BHV;R04;12
V1805;G4;b.RISCO NEUTRO;HVI3;R20;G4 - BHV;R04;12
V1805;G4;a.RISCO BAIXO;HVI3;R20;G4 - BHV;R05;5
V1805;G4;c.RISCO ALTO;HVI3;R20;G4 - BHV;R05;5
V1805;G4;b.RISCO NEUTRO;HVI3;R20;G4 - BHV;R05;5
V1805;G4;a.RISCO BAIXO;HVI3;R20;G4 - BHV;R06;5
V1805;G4;c.RISCO ALTO;HVI3;R20;G4 - BHV;R06;5
V1805;G4;b.RISCO NEUTRO;HVI3;R20;G4 - BHV;R06;5
V1805;G4;a.RISCO BAIXO;HVI3;R20;G4 - BHV;R07;5
V1805;G4;c.RISCO ALTO;HVI3;R20;G4 - BHV;R07;5
V1805;G4;b.RISCO NEUTRO;HVI3;R20;G4 - BHV;R07;5
V1805;G4;a.RISCO BAIXO;HVI3;R20;G4 - BHV;R08;5
V1805;G4;c.RISCO ALTO;HVI3;R20;G4 - BHV;R08;5
V1805;G4;b.RISCO NEUTRO;HVI3;R20;G4 - BHV;R08;5
V1805;G4;a.RISCO BAIXO;HVI3;R20;G4 - BHV;R09;5
V1805;G4;c.RISCO ALTO;HVI3;R20;G4 - BHV;R09;5
V1805;G4;b.RISCO NEUTRO;HVI3;R20;G4 - BHV;R09;5
V1805;G4;a.RISCO BAIXO;HVI3;R20;G4 - BHV;R10;5
V1805;G4;c.RISCO ALTO;HVI3;R20;G4 - BHV;R10;5
V1805;G4;b.RISCO NEUTRO;HVI3;R20;G4 - BHV;R10;5
V1805;G4;a.RISCO BAIXO;HVI3;R20;G4 - BHV;R11;5
V1805;G4;c.RISCO ALTO;HVI3;R20;G4 - BHV;R11;5
V1805;G4;b.RISCO NEUTRO;HVI3;R20;G4 - BHV;R11;5
V1805;G4;a.RISCO BAIXO;HVI3;R20;G4 - BHV;R12;5
V1805;G4;c.RISCO ALTO;HVI3;R20;G4 - BHV;R12;5
V1805;G4;b.RISCO NEUTRO;HVI3;R20;G4 - BHV;R12;5
V1805;G4;a.RISCO BAIXO;HVI3;R20;G4 - BHV;R13;5
V1805;G4;c.RISCO ALTO;HVI3;R20;G4 - BHV;R13;5
V1805;G4;b.RISCO NEUTRO;HVI3;R20;G4 - BHV;R13;5
V1805;G4;a.RISCO BAIXO;HVI3;R20;G4 - BHV;R14;3
V1805;G4;c.RISCO ALTO;HVI3;R20;G4 - BHV;R14;3
V1805;G4;b.RISCO NEUTRO;HVI3;R20;G4 - BHV;R14;3
V1805;G4;a.RISCO BAIXO;HVI3;R20;G4 - BHV;R15;3
V1805;G4;c.RISCO ALTO;HVI3;R20;G4 - BHV;R15;3
V1805;G4;b.RISCO NEUTRO;HVI3;R20;G4 - BHV;R15;3
V1805;G4;a.RISCO BAIXO;HVI3;R20;G4 - BHV;R16;3
V1805;G4;c.RISCO ALTO;HVI3;R20;G4 - BHV;R16;3
V1805;G4;b.RISCO NEUTRO;HVI3;R20;G4 - BHV;R16;3
V1805;G4;c.RISCO ALTO;HVI3;R20;G4 - BHV;R17;3
V1805;G4;a.RISCO BAIXO;HVI3;R20;G4 - BHV;R17;3
V1805;G4;b.RISCO NEUTRO;HVI3;R20;G4 - BHV;R17;3
V1805;G4;a.RISCO BAIXO;HVI3;R20;G4 - BHV;R18;3
V1805;G4;c.RISCO ALTO;HVI3;R20;G4 - BHV;R18;3
V1805;G4;b.RISCO NEUTRO;HVI3;R20;G4 - BHV;R18;3
V1805;G4;a.RISCO BAIXO;HVI3;R20;G4 - BHV;R19;3
V1805;G4;c.RISCO ALTO;HVI3;R20;G4 - BHV;R19;3
V1805;G4;b.RISCO NEUTRO;HVI3;R20;G4 - BHV;R19;3
V1805;G4;a.RISCO BAIXO;HVI3;R20;G4 - BHV;R20;3
V1805;G4;c.RISCO ALTO;HVI3;R20;G4 - BHV;R20;3
V1805;G4;b.RISCO NEUTRO;HVI3;R20;G4 - BHV;R20;3
V1805;G4;a.RISCO BAIXO;HVI3;R20;G4 - BHV;R21;3
V1805;G4;c.RISCO ALTO;HVI3;R20;G4 - BHV;R21;3
V1805;G4;b.RISCO NEUTRO;HVI3;R20;G4 - BHV;R21;3
V1805;G4;a.RISCO BAIXO;HVI3;R20;G4 - BHV;R22;3
V1805;G4;c.RISCO ALTO;HVI3;R20;G4 - BHV;R22;3
V1805;G4;b.RISCO NEUTRO;HVI3;R20;G4 - BHV;R22;3
V1805;G4;a.RISCO BAIXO;HVI3;R20;G4 - BHV;R23;0
V1805;G4;c.RISCO ALTO;HVI3;R20;G4 - BHV;R23;0
V1805;G4;b.RISCO NEUTRO;HVI3;R20;G4 - BHV;R23;0
V1805;G4;a.RISCO BAIXO;HVI3;R20;G4 - BHV;R24;0
V1805;G4;c.RISCO ALTO;HVI3;R20;G4 - BHV;R24;0
V1805;G4;b.RISCO NEUTRO;HVI3;R20;G4 - BHV;R24;0
V1805;G4;a.RISCO BAIXO;HVI3;R20;G4 - BHV;R25;0
V1805;G4;c.RISCO ALTO;HVI3;R20;G4 - BHV;R25;0
V1805;G4;b.RISCO NEUTRO;HVI3;R20;G4 - BHV;R25;0
V1805;G4;a.RISCO BAIXO;HVI3;R18;Restritivos;COM RESTRITIVOS;5
V1805;G4;c.RISCO ALTO;HVI3;R18;Restritivos;COM RESTRITIVOS;5
V1805;G4;b.RISCO NEUTRO;HVI3;R18;Restritivos;COM RESTRITIVOS;5
V1805;G4;a.RISCO BAIXO;HVI3;R19;Restritivos;COM RESTRITIVOS;0
V1805;G4;c.RISCO ALTO;HVI3;R19;Restritivos;COM RESTRITIVOS;0
V1805;G4;b.RISCO NEUTRO;HVI3;R19;Restritivos;COM RESTRITIVOS;0
V1805;G4;a.RISCO BAIXO;HVI3;R99;G4 - BHV;R01;0
V1805;G4;c.RISCO ALTO;HVI3;R99;G4 - BHV;R01;0
V1805;G4;b.RISCO NEUTRO;HVI3;R99;G4 - BHV;R01;0
V1805;G4;a.RISCO BAIXO;HVI3;R99;G4 - BHV;R02;0
V1805;G4;c.RISCO ALTO;HVI3;R99;G4 - BHV;R02;0
V1805;G4;b.RISCO NEUTRO;HVI3;R99;G4 - BHV;R02;0
V1805;G4;a.RISCO BAIXO;HVI3;R99;G4 - BHV;R03;0
V1805;G4;c.RISCO ALTO;HVI3;R99;G4 - BHV;R03;0
V1805;G4;b.RISCO NEUTRO;HVI3;R99;G4 - BHV;R03;0
V1805;G4;a.RISCO BAIXO;HVI3;R99;G4 - BHV;R04;0
V1805;G4;c.RISCO ALTO;HVI3;R99;G4 - BHV;R04;0
V1805;G4;b.RISCO NEUTRO;HVI3;R99;G4 - BHV;R04;0
V1805;G4;a.RISCO BAIXO;HVI3;R99;G4 - BHV;R05;0
V1805;G4;c.RISCO ALTO;HVI3;R99;G4 - BHV;R05;0
V1805;G4;b.RISCO NEUTRO;HVI3;R99;G4 - BHV;R05;0
V1805;G4;a.RISCO BAIXO;HVI3;R99;G4 - BHV;R06;0
V1805;G4;c.RISCO ALTO;HVI3;R99;G4 - BHV;R06;0
V1805;G4;b.RISCO NEUTRO;HVI3;R99;G4 - BHV;R06;0
V1805;G4;a.RISCO BAIXO;HVI3;R99;G4 - BHV;R07;0
V1805;G4;c.RISCO ALTO;HVI3;R99;G4 - BHV;R07;0
V1805;G4;b.RISCO NEUTRO;HVI3;R99;G4 - BHV;R07;0
V1805;G4;a.RISCO BAIXO;HVI3;R99;G4 - BHV;R08;0
V1805;G4;c.RISCO ALTO;HVI3;R99;G4 - BHV;R08;0
V1805;G4;b.RISCO NEUTRO;HVI3;R99;G4 - BHV;R08;0
V1805;G4;a.RISCO BAIXO;HVI3;R99;G4 - BHV;R09;0
V1805;G4;c.RISCO ALTO;HVI3;R99;G4 - BHV;R09;0
V1805;G4;b.RISCO NEUTRO;HVI3;R99;G4 - BHV;R09;0
V1805;G4;a.RISCO BAIXO;HVI3;R99;G4 - BHV;R10;0
V1805;G4;c.RISCO ALTO;HVI3;R99;G4 - BHV;R10;0
V1805;G4;b.RISCO NEUTRO;HVI3;R99;G4 - BHV;R10;0
V1805;G4;a.RISCO BAIXO;HVI3;R99;G4 - BHV;R11;0
V1805;G4;c.RISCO ALTO;HVI3;R99;G4 - BHV;R11;0
V1805;G4;b.RISCO NEUTRO;HVI3;R99;G4 - BHV;R11;0
V1805;G4;a.RISCO BAIXO;HVI3;R99;G4 - BHV;R12;0
V1805;G4;c.RISCO ALTO;HVI3;R99;G4 - BHV;R12;0
V1805;G4;b.RISCO NEUTRO;HVI3;R99;G4 - BHV;R12;0
V1805;G4;a.RISCO BAIXO;HVI3;R99;G4 - BHV;R13;0
V1805;G4;c.RISCO ALTO;HVI3;R99;G4 - BHV;R13;0
V1805;G4;b.RISCO NEUTRO;HVI3;R99;G4 - BHV;R13;0
V1805;G4;a.RISCO BAIXO;HVI3;R99;G4 - BHV;R14;0
V1805;G4;c.RISCO ALTO;HVI3;R99;G4 - BHV;R14;0
V1805;G4;b.RISCO NEUTRO;HVI3;R99;G4 - BHV;R14;0
V1805;G4;a.RISCO BAIXO;HVI3;R99;G4 - BHV;R15;0
V1805;G4;c.RISCO ALTO;HVI3;R99;G4 - BHV;R15;0
V1805;G4;b.RISCO NEUTRO;HVI3;R99;G4 - BHV;R15;0
V1805;G4;a.RISCO BAIXO;HVI3;R99;G4 - BHV;R16;0
V1805;G4;c.RISCO ALTO;HVI3;R99;G4 - BHV;R16;0
V1805;G4;b.RISCO NEUTRO;HVI3;R99;G4 - BHV;R16;0
V1805;G4;a.RISCO BAIXO;HVI3;R99;G4 - BHV;R17;0
V1805;G4;c.RISCO ALTO;HVI3;R99;G4 - BHV;R17;0
V1805;G4;b.RISCO NEUTRO;HVI3;R99;G4 - BHV;R17;0
V1805;G4;a.RISCO BAIXO;HVI3;R99;G4 - BHV;R18;0
V1805;G4;c.RISCO ALTO;HVI3;R99;G4 - BHV;R18;0
V1805;G4;b.RISCO NEUTRO;HVI3;R99;G4 - BHV;R18;0
V1805;G4;a.RISCO BAIXO;HVI3;R99;G4 - BHV;R19;0
V1805;G4;c.RISCO ALTO;HVI3;R99;G4 - BHV;R19;0
V1805;G4;b.RISCO NEUTRO;HVI3;R99;G4 - BHV;R19;0
V1805;G4;a.RISCO BAIXO;HVI3;R99;G4 - BHV;R20;0
V1805;G4;c.RISCO ALTO;HVI3;R99;G4 - BHV;R20;0
V1805;G4;b.RISCO NEUTRO;HVI3;R99;G4 - BHV;R20;0
V1805;G4;a.RISCO BAIXO;HVI3;R99;G4 - BHV;R21;0
V1805;G4;c.RISCO ALTO;HVI3;R99;G4 - BHV;R21;0
V1805;G4;b.RISCO NEUTRO;HVI3;R99;G4 - BHV;R21;0
V1805;G4;a.RISCO BAIXO;HVI3;R99;G4 - BHV;R22;0
V1805;G4;c.RISCO ALTO;HVI3;R99;G4 - BHV;R22;0
V1805;G4;b.RISCO NEUTRO;HVI3;R99;G4 - BHV;R22;0
V1805;G4;a.RISCO BAIXO;HVI3;R99;G4 - BHV;R23;0
V1805;G4;c.RISCO ALTO;HVI3;R99;G4 - BHV;R23;0
V1805;G4;b.RISCO NEUTRO;HVI3;R99;G4 - BHV;R23;0
V1805;G4;a.RISCO BAIXO;HVI3;R99;G4 - BHV;R24;0
V1805;G4;c.RISCO ALTO;HVI3;R99;G4 - BHV;R24;0
V1805;G4;b.RISCO NEUTRO;HVI3;R99;G4 - BHV;R24;0
V1805;G4;a.RISCO BAIXO;HVI3;R99;G4 - BHV;R25;0
V1805;G4;c.RISCO ALTO;HVI3;R99;G4 - BHV;R25;0
V1805;G4;b.RISCO NEUTRO;HVI3;R99;G4 - BHV;R25;0
V1805;G4;a.RISCO BAIXO;HVI3;R20;Restritivos;COM RESTRITIVOS;0
V1805;G4;c.RISCO ALTO;HVI3;R20;Restritivos;COM RESTRITIVOS;0
V1805;G4;b.RISCO NEUTRO;HVI3;R20;Restritivos;COM RESTRITIVOS;0
V1805;G4;a.RISCO BAIXO;HVI3;R99;Restritivos;COM RESTRITIVOS;0
V1805;G4;c.RISCO ALTO;HVI3;R99;Restritivos;COM RESTRITIVOS;0
V1805;G4;b.RISCO NEUTRO;HVI3;R99;Restritivos;COM RESTRITIVOS;0
V1805;G5;b.RISCO NEUTRO;HVI3;R01;G5 - BHV;R01;8
V1805;G5;c.RISCO ALTO;HVI3;R01;G5 - BHV;R01;8
V1805;G5;a.RISCO BAIXO;HVI3;R01;G5 - BHV;R01;8
V1805;G5;c.RISCO ALTO;HVI3;R01;G5 - BHV;R02;8
V1805;G5;b.RISCO NEUTRO;HVI3;R01;G5 - BHV;R02;8
V1805;G5;a.RISCO BAIXO;HVI3;R01;G5 - BHV;R02;8
V1805;G5;c.RISCO ALTO;HVI3;R01;G5 - BHV;R03;8
V1805;G5;b.RISCO NEUTRO;HVI3;R01;G5 - BHV;R03;8
V1805;G5;a.RISCO BAIXO;HVI3;R01;G5 - BHV;R03;8
V1805;G5;c.RISCO ALTO;HVI3;R01;G5 - BHV;R04;8
V1805;G5;b.RISCO NEUTRO;HVI3;R01;G5 - BHV;R04;8
V1805;G5;a.RISCO BAIXO;HVI3;R01;G5 - BHV;R04;8
V1805;G5;c.RISCO ALTO;HVI3;R01;G5 - BHV;R05;8
V1805;G5;b.RISCO NEUTRO;HVI3;R01;G5 - BHV;R05;8
V1805;G5;a.RISCO BAIXO;HVI3;R01;G5 - BHV;R05;8
V1805;G5;c.RISCO ALTO;HVI3;R01;G5 - BHV;R06;8
V1805;G5;b.RISCO NEUTRO;HVI3;R01;G5 - BHV;R06;8
V1805;G5;a.RISCO BAIXO;HVI3;R01;G5 - BHV;R06;8
V1805;G5;c.RISCO ALTO;HVI3;R01;G5 - BHV;R07;8
V1805;G5;b.RISCO NEUTRO;HVI3;R01;G5 - BHV;R07;8
V1805;G5;a.RISCO BAIXO;HVI3;R01;G5 - BHV;R07;8
V1805;G5;c.RISCO ALTO;HVI3;R01;G5 - BHV;R08;8
V1805;G5;b.RISCO NEUTRO;HVI3;R01;G5 - BHV;R08;8
V1805;G5;a.RISCO BAIXO;HVI3;R01;G5 - BHV;R08;8
V1805;G5;c.RISCO ALTO;HVI3;R01;G5 - BHV;R09;8
V1805;G5;b.RISCO NEUTRO;HVI3;R01;G5 - BHV;R09;8
V1805;G5;a.RISCO BAIXO;HVI3;R01;G5 - BHV;R09;8
V1805;G5;c.RISCO ALTO;HVI3;R01;G5 - BHV;R10;8
V1805;G5;b.RISCO NEUTRO;HVI3;R01;G5 - BHV;R10;8
V1805;G5;a.RISCO BAIXO;HVI3;R01;G5 - BHV;R10;8
V1805;G5;c.RISCO ALTO;HVI3;R01;G5 - BHV;R11;8
V1805;G5;b.RISCO NEUTRO;HVI3;R01;G5 - BHV;R11;8
V1805;G5;a.RISCO BAIXO;HVI3;R01;G5 - BHV;R11;8
V1805;G5;b.RISCO NEUTRO;HVI3;R01;G5 - BHV;R12;8
V1805;G5;c.RISCO ALTO;HVI3;R01;G5 - BHV;R12;8
V1805;G5;a.RISCO BAIXO;HVI3;R01;G5 - BHV;R12;8
V1805;G5;b.RISCO NEUTRO;HVI3;R01;G5 - BHV;R13;8
V1805;G5;c.RISCO ALTO;HVI3;R01;G5 - BHV;R13;8
V1805;G5;a.RISCO BAIXO;HVI3;R01;G5 - BHV;R13;8
V1805;G5;c.RISCO ALTO;HVI3;R01;G5 - BHV;R14;8
V1805;G5;b.RISCO NEUTRO;HVI3;R01;G5 - BHV;R14;8
V1805;G5;a.RISCO BAIXO;HVI3;R01;G5 - BHV;R14;8
V1805;G5;c.RISCO ALTO;HVI3;R01;G5 - BHV;R15;8
V1805;G5;b.RISCO NEUTRO;HVI3;R01;G5 - BHV;R15;8
V1805;G5;a.RISCO BAIXO;HVI3;R01;G5 - BHV;R15;8
V1805;G5;c.RISCO ALTO;HVI3;R01;G5 - BHV;R16;8
V1805;G5;b.RISCO NEUTRO;HVI3;R01;G5 - BHV;R16;8
V1805;G5;a.RISCO BAIXO;HVI3;R01;G5 - BHV;R16;8
V1805;G5;c.RISCO ALTO;HVI3;R01;G5 - BHV;R17;8
V1805;G5;b.RISCO NEUTRO;HVI3;R01;G5 - BHV;R17;8
V1805;G5;a.RISCO BAIXO;HVI3;R01;G5 - BHV;R17;8
V1805;G5;c.RISCO ALTO;HVI3;R01;G5 - BHV;R18;8
V1805;G5;b.RISCO NEUTRO;HVI3;R01;G5 - BHV;R18;8
V1805;G5;a.RISCO BAIXO;HVI3;R01;G5 - BHV;R18;8
V1805;G5;c.RISCO ALTO;HVI3;R01;G5 - BHV;R19;8
V1805;G5;b.RISCO NEUTRO;HVI3;R01;G5 - BHV;R19;8
V1805;G5;a.RISCO BAIXO;HVI3;R01;G5 - BHV;R19;8
V1805;G5;c.RISCO ALTO;HVI3;R01;G5 - BHV;R20;8
V1805;G5;b.RISCO NEUTRO;HVI3;R01;G5 - BHV;R20;8
V1805;G5;a.RISCO BAIXO;HVI3;R01;G5 - BHV;R20;8
V1805;G5;c.RISCO ALTO;HVI3;R01;G5 - BHV;R99;8
V1805;G5;b.RISCO NEUTRO;HVI3;R01;G5 - BHV;R99;8
V1805;G5;a.RISCO BAIXO;HVI3;R01;G5 - BHV;R99;8
V1805;G5;c.RISCO ALTO;HVI3;R02;G5 - BHV;R01;8
V1805;G5;b.RISCO NEUTRO;HVI3;R02;G5 - BHV;R01;8
V1805;G5;a.RISCO BAIXO;HVI3;R02;G5 - BHV;R01;8
V1805;G5;c.RISCO ALTO;HVI3;R02;G5 - BHV;R02;8
V1805;G5;b.RISCO NEUTRO;HVI3;R02;G5 - BHV;R02;8
V1805;G5;a.RISCO BAIXO;HVI3;R02;G5 - BHV;R02;8
V1805;G5;c.RISCO ALTO;HVI3;R02;G5 - BHV;R03;8
V1805;G5;b.RISCO NEUTRO;HVI3;R02;G5 - BHV;R03;8
V1805;G5;a.RISCO BAIXO;HVI3;R02;G5 - BHV;R03;8
V1805;G5;b.RISCO NEUTRO;HVI3;R02;G5 - BHV;R04;8
V1805;G5;c.RISCO ALTO;HVI3;R02;G5 - BHV;R04;8
V1805;G5;a.RISCO BAIXO;HVI3;R02;G5 - BHV;R04;8
V1805;G5;c.RISCO ALTO;HVI3;R02;G5 - BHV;R05;8
V1805;G5;b.RISCO NEUTRO;HVI3;R02;G5 - BHV;R05;8
V1805;G5;a.RISCO BAIXO;HVI3;R02;G5 - BHV;R05;8
V1805;G5;c.RISCO ALTO;HVI3;R02;G5 - BHV;R06;8
V1805;G5;b.RISCO NEUTRO;HVI3;R02;G5 - BHV;R06;8
V1805;G5;a.RISCO BAIXO;HVI3;R02;G5 - BHV;R06;8
V1805;G5;c.RISCO ALTO;HVI3;R02;G5 - BHV;R07;8
V1805;G5;b.RISCO NEUTRO;HVI3;R02;G5 - BHV;R07;8
V1805;G5;a.RISCO BAIXO;HVI3;R02;G5 - BHV;R07;8
V1805;G5;c.RISCO ALTO;HVI3;R02;G5 - BHV;R08;8
V1805;G5;b.RISCO NEUTRO;HVI3;R02;G5 - BHV;R08;8
V1805;G5;a.RISCO BAIXO;HVI3;R02;G5 - BHV;R08;8
V1805;G5;c.RISCO ALTO;HVI3;R02;G5 - BHV;R09;8
V1805;G5;b.RISCO NEUTRO;HVI3;R02;G5 - BHV;R09;8
V1805;G5;a.RISCO BAIXO;HVI3;R02;G5 - BHV;R09;8
V1805;G5;c.RISCO ALTO;HVI3;R02;G5 - BHV;R10;8
V1805;G5;b.RISCO NEUTRO;HVI3;R02;G5 - BHV;R10;8
V1805;G5;a.RISCO BAIXO;HVI3;R02;G5 - BHV;R10;8
V1805;G5;c.RISCO ALTO;HVI3;R02;G5 - BHV;R11;8
V1805;G5;b.RISCO NEUTRO;HVI3;R02;G5 - BHV;R11;8
V1805;G5;a.RISCO BAIXO;HVI3;R02;G5 - BHV;R11;8
V1805;G5;c.RISCO ALTO;HVI3;R02;G5 - BHV;R12;8
V1805;G5;b.RISCO NEUTRO;HVI3;R02;G5 - BHV;R12;8
V1805;G5;a.RISCO BAIXO;HVI3;R02;G5 - BHV;R12;8
V1805;G5;c.RISCO ALTO;HVI3;R02;G5 - BHV;R13;8
V1805;G5;b.RISCO NEUTRO;HVI3;R02;G5 - BHV;R13;8
V1805;G5;a.RISCO BAIXO;HVI3;R02;G5 - BHV;R13;8
V1805;G5;c.RISCO ALTO;HVI3;R02;G5 - BHV;R14;8
V1805;G5;b.RISCO NEUTRO;HVI3;R02;G5 - BHV;R14;8
V1805;G5;a.RISCO BAIXO;HVI3;R02;G5 - BHV;R14;8
V1805;G5;c.RISCO ALTO;HVI3;R02;G5 - BHV;R15;8
V1805;G5;b.RISCO NEUTRO;HVI3;R02;G5 - BHV;R15;8
V1805;G5;a.RISCO BAIXO;HVI3;R02;G5 - BHV;R15;8
V1805;G5;c.RISCO ALTO;HVI3;R02;G5 - BHV;R16;8
V1805;G5;b.RISCO NEUTRO;HVI3;R02;G5 - BHV;R16;8
V1805;G5;a.RISCO BAIXO;HVI3;R02;G5 - BHV;R16;8
V1805;G5;c.RISCO ALTO;HVI3;R02;G5 - BHV;R17;8
V1805;G5;b.RISCO NEUTRO;HVI3;R02;G5 - BHV;R17;8
V1805;G5;a.RISCO BAIXO;HVI3;R02;G5 - BHV;R17;8
V1805;G5;c.RISCO ALTO;HVI3;R02;G5 - BHV;R18;8
V1805;G5;b.RISCO NEUTRO;HVI3;R02;G5 - BHV;R18;8
V1805;G5;a.RISCO BAIXO;HVI3;R02;G5 - BHV;R18;8
V1805;G5;c.RISCO ALTO;HVI3;R02;G5 - BHV;R19;8
V1805;G5;a.RISCO BAIXO;HVI3;R02;G5 - BHV;R19;8
V1805;G5;b.RISCO NEUTRO;HVI3;R02;G5 - BHV;R19;8
V1805;G5;c.RISCO ALTO;HVI3;R02;G5 - BHV;R20;8
V1805;G5;b.RISCO NEUTRO;HVI3;R02;G5 - BHV;R20;8
V1805;G5;a.RISCO BAIXO;HVI3;R02;G5 - BHV;R20;8
V1805;G5;c.RISCO ALTO;HVI3;R02;G5 - BHV;R99;8
V1805;G5;b.RISCO NEUTRO;HVI3;R02;G5 - BHV;R99;8
V1805;G5;a.RISCO BAIXO;HVI3;R02;G5 - BHV;R99;8
V1805;G5;c.RISCO ALTO;HVI3;R03;G5 - BHV;R01;8
V1805;G5;b.RISCO NEUTRO;HVI3;R03;G5 - BHV;R01;8
V1805;G5;a.RISCO BAIXO;HVI3;R03;G5 - BHV;R01;8
V1805;G5;c.RISCO ALTO;HVI3;R03;G5 - BHV;R02;8
V1805;G5;b.RISCO NEUTRO;HVI3;R03;G5 - BHV;R02;8
V1805;G5;a.RISCO BAIXO;HVI3;R03;G5 - BHV;R02;8
V1805;G5;c.RISCO ALTO;HVI3;R03;G5 - BHV;R03;8
V1805;G5;b.RISCO NEUTRO;HVI3;R03;G5 - BHV;R03;8
V1805;G5;a.RISCO BAIXO;HVI3;R03;G5 - BHV;R03;8
V1805;G5;c.RISCO ALTO;HVI3;R03;G5 - BHV;R04;8
V1805;G5;b.RISCO NEUTRO;HVI3;R03;G5 - BHV;R04;8
V1805;G5;a.RISCO BAIXO;HVI3;R03;G5 - BHV;R04;8
V1805;G5;c.RISCO ALTO;HVI3;R03;G5 - BHV;R05;8
V1805;G5;b.RISCO NEUTRO;HVI3;R03;G5 - BHV;R05;8
V1805;G5;a.RISCO BAIXO;HVI3;R03;G5 - BHV;R05;8
V1805;G5;c.RISCO ALTO;HVI3;R03;G5 - BHV;R06;8
V1805;G5;b.RISCO NEUTRO;HVI3;R03;G5 - BHV;R06;8
V1805;G5;a.RISCO BAIXO;HVI3;R03;G5 - BHV;R06;8
V1805;G5;b.RISCO NEUTRO;HVI3;R03;G5 - BHV;R07;8
V1805;G5;c.RISCO ALTO;HVI3;R03;G5 - BHV;R07;8
V1805;G5;a.RISCO BAIXO;HVI3;R03;G5 - BHV;R07;8
V1805;G5;c.RISCO ALTO;HVI3;R03;G5 - BHV;R08;8
V1805;G5;b.RISCO NEUTRO;HVI3;R03;G5 - BHV;R08;8
V1805;G5;a.RISCO BAIXO;HVI3;R03;G5 - BHV;R08;8
V1805;G5;c.RISCO ALTO;HVI3;R03;G5 - BHV;R09;8
V1805;G5;b.RISCO NEUTRO;HVI3;R03;G5 - BHV;R09;8
V1805;G5;a.RISCO BAIXO;HVI3;R03;G5 - BHV;R09;8
V1805;G5;c.RISCO ALTO;HVI3;R03;G5 - BHV;R10;8
V1805;G5;b.RISCO NEUTRO;HVI3;R03;G5 - BHV;R10;8
V1805;G5;a.RISCO BAIXO;HVI3;R03;G5 - BHV;R10;8
V1805;G5;c.RISCO ALTO;HVI3;R03;G5 - BHV;R11;8
V1805;G5;b.RISCO NEUTRO;HVI3;R03;G5 - BHV;R11;8
V1805;G5;a.RISCO BAIXO;HVI3;R03;G5 - BHV;R11;8
V1805;G5;c.RISCO ALTO;HVI3;R03;G5 - BHV;R12;8
V1805;G5;b.RISCO NEUTRO;HVI3;R03;G5 - BHV;R12;8
V1805;G5;a.RISCO BAIXO;HVI3;R03;G5 - BHV;R12;8
V1805;G5;c.RISCO ALTO;HVI3;R03;G5 - BHV;R13;8
V1805;G5;b.RISCO NEUTRO;HVI3;R03;G5 - BHV;R13;8
V1805;G5;a.RISCO BAIXO;HVI3;R03;G5 - BHV;R13;8
V1805;G5;c.RISCO ALTO;HVI3;R03;G5 - BHV;R14;8
V1805;G5;b.RISCO NEUTRO;HVI3;R03;G5 - BHV;R14;8
V1805;G5;a.RISCO BAIXO;HVI3;R03;G5 - BHV;R14;8
V1805;G5;c.RISCO ALTO;HVI3;R03;G5 - BHV;R15;8
V1805;G5;b.RISCO NEUTRO;HVI3;R03;G5 - BHV;R15;8
V1805;G5;a.RISCO BAIXO;HVI3;R03;G5 - BHV;R15;8
V1805;G5;c.RISCO ALTO;HVI3;R03;G5 - BHV;R16;8
V1805;G5;b.RISCO NEUTRO;HVI3;R03;G5 - BHV;R16;8
V1805;G5;a.RISCO BAIXO;HVI3;R03;G5 - BHV;R16;8
V1805;G5;c.RISCO ALTO;HVI3;R03;G5 - BHV;R17;8
V1805;G5;b.RISCO NEUTRO;HVI3;R03;G5 - BHV;R17;8
V1805;G5;a.RISCO BAIXO;HVI3;R03;G5 - BHV;R17;8
V1805;G5;c.RISCO ALTO;HVI3;R03;G5 - BHV;R18;8
V1805;G5;b.RISCO NEUTRO;HVI3;R03;G5 - BHV;R18;8
V1805;G5;a.RISCO BAIXO;HVI3;R03;G5 - BHV;R18;8
V1805;G5;b.RISCO NEUTRO;HVI3;R03;G5 - BHV;R19;8
V1805;G5;c.RISCO ALTO;HVI3;R03;G5 - BHV;R19;8
V1805;G5;a.RISCO BAIXO;HVI3;R03;G5 - BHV;R19;8
V1805;G5;c.RISCO ALTO;HVI3;R03;G5 - BHV;R20;8
V1805;G5;a.RISCO BAIXO;HVI3;R03;G5 - BHV;R20;8
V1805;G5;b.RISCO NEUTRO;HVI3;R03;G5 - BHV;R20;8
V1805;G5;c.RISCO ALTO;HVI3;R03;G5 - BHV;R99;8
V1805;G5;b.RISCO NEUTRO;HVI3;R03;G5 - BHV;R99;8
V1805;G5;a.RISCO BAIXO;HVI3;R03;G5 - BHV;R99;8
V1805;G5;c.RISCO ALTO;HVI3;R04;G5 - BHV;R01;8
V1805;G5;b.RISCO NEUTRO;HVI3;R04;G5 - BHV;R01;8
V1805;G5;a.RISCO BAIXO;HVI3;R04;G5 - BHV;R01;8
V1805;G5;c.RISCO ALTO;HVI3;R04;G5 - BHV;R02;8
V1805;G5;b.RISCO NEUTRO;HVI3;R04;G5 - BHV;R02;8
V1805;G5;a.RISCO BAIXO;HVI3;R04;G5 - BHV;R02;8
V1805;G5;c.RISCO ALTO;HVI3;R04;G5 - BHV;R03;8
V1805;G5;b.RISCO NEUTRO;HVI3;R04;G5 - BHV;R03;8
V1805;G5;a.RISCO BAIXO;HVI3;R04;G5 - BHV;R03;8
V1805;G5;c.RISCO ALTO;HVI3;R04;G5 - BHV;R04;8
V1805;G5;b.RISCO NEUTRO;HVI3;R04;G5 - BHV;R04;8
V1805;G5;a.RISCO BAIXO;HVI3;R04;G5 - BHV;R04;8
V1805;G5;c.RISCO ALTO;HVI3;R04;G5 - BHV;R05;8
V1805;G5;b.RISCO NEUTRO;HVI3;R04;G5 - BHV;R05;8
V1805;G5;a.RISCO BAIXO;HVI3;R04;G5 - BHV;R05;8
V1805;G5;c.RISCO ALTO;HVI3;R04;G5 - BHV;R06;8
V1805;G5;b.RISCO NEUTRO;HVI3;R04;G5 - BHV;R06;8
V1805;G5;a.RISCO BAIXO;HVI3;R04;G5 - BHV;R06;8
V1805;G5;c.RISCO ALTO;HVI3;R04;G5 - BHV;R07;8
V1805;G5;b.RISCO NEUTRO;HVI3;R04;G5 - BHV;R07;8
V1805;G5;a.RISCO BAIXO;HVI3;R04;G5 - BHV;R07;8
V1805;G5;c.RISCO ALTO;HVI3;R04;G5 - BHV;R08;8
V1805;G5;b.RISCO NEUTRO;HVI3;R04;G5 - BHV;R08;8
V1805;G5;a.RISCO BAIXO;HVI3;R04;G5 - BHV;R08;8
V1805;G5;c.RISCO ALTO;HVI3;R04;G5 - BHV;R09;8
V1805;G5;b.RISCO NEUTRO;HVI3;R04;G5 - BHV;R09;8
V1805;G5;a.RISCO BAIXO;HVI3;R04;G5 - BHV;R09;8
V1805;G5;b.RISCO NEUTRO;HVI3;R04;G5 - BHV;R10;8
V1805;G5;c.RISCO ALTO;HVI3;R04;G5 - BHV;R10;8
V1805;G5;a.RISCO BAIXO;HVI3;R04;G5 - BHV;R10;8
V1805;G5;c.RISCO ALTO;HVI3;R04;G5 - BHV;R11;8
V1805;G5;b.RISCO NEUTRO;HVI3;R04;G5 - BHV;R11;8
V1805;G5;a.RISCO BAIXO;HVI3;R04;G5 - BHV;R11;8
V1805;G5;c.RISCO ALTO;HVI3;R04;G5 - BHV;R12;8
V1805;G5;b.RISCO NEUTRO;HVI3;R04;G5 - BHV;R12;8
V1805;G5;a.RISCO BAIXO;HVI3;R04;G5 - BHV;R12;8
V1805;G5;c.RISCO ALTO;HVI3;R04;G5 - BHV;R13;8
V1805;G5;b.RISCO NEUTRO;HVI3;R04;G5 - BHV;R13;8
V1805;G5;a.RISCO BAIXO;HVI3;R04;G5 - BHV;R13;8
V1805;G5;c.RISCO ALTO;HVI3;R04;G5 - BHV;R14;8
V1805;G5;b.RISCO NEUTRO;HVI3;R04;G5 - BHV;R14;8
V1805;G5;a.RISCO BAIXO;HVI3;R04;G5 - BHV;R14;8
V1805;G5;c.RISCO ALTO;HVI3;R04;G5 - BHV;R15;8
V1805;G5;a.RISCO BAIXO;HVI3;R04;G5 - BHV;R15;8
V1805;G5;b.RISCO NEUTRO;HVI3;R04;G5 - BHV;R15;8
V1805;G5;c.RISCO ALTO;HVI3;R04;G5 - BHV;R16;8
V1805;G5;b.RISCO NEUTRO;HVI3;R04;G5 - BHV;R16;8
V1805;G5;a.RISCO BAIXO;HVI3;R04;G5 - BHV;R16;8
V1805;G5;c.RISCO ALTO;HVI3;R04;G5 - BHV;R17;8
V1805;G5;b.RISCO NEUTRO;HVI3;R04;G5 - BHV;R17;8
V1805;G5;a.RISCO BAIXO;HVI3;R04;G5 - BHV;R17;8
V1805;G5;c.RISCO ALTO;HVI3;R04;G5 - BHV;R18;8
V1805;G5;b.RISCO NEUTRO;HVI3;R04;G5 - BHV;R18;8
V1805;G5;a.RISCO BAIXO;HVI3;R04;G5 - BHV;R18;8
V1805;G5;c.RISCO ALTO;HVI3;R04;G5 - BHV;R19;8
V1805;G5;b.RISCO NEUTRO;HVI3;R04;G5 - BHV;R19;8
V1805;G5;a.RISCO BAIXO;HVI3;R04;G5 - BHV;R19;8
V1805;G5;c.RISCO ALTO;HVI3;R04;G5 - BHV;R20;8
V1805;G5;b.RISCO NEUTRO;HVI3;R04;G5 - BHV;R20;8
V1805;G5;a.RISCO BAIXO;HVI3;R04;G5 - BHV;R20;8
V1805;G5;c.RISCO ALTO;HVI3;R04;G5 - BHV;R99;8
V1805;G5;b.RISCO NEUTRO;HVI3;R04;G5 - BHV;R99;8
V1805;G5;a.RISCO BAIXO;HVI3;R04;G5 - BHV;R99;8
V1805;G5;c.RISCO ALTO;HVI3;R05;G5 - BHV;R01;8
V1805;G5;b.RISCO NEUTRO;HVI3;R05;G5 - BHV;R01;8
V1805;G5;a.RISCO BAIXO;HVI3;R05;G5 - BHV;R01;8
V1805;G5;c.RISCO ALTO;HVI3;R05;G5 - BHV;R02;8
V1805;G5;b.RISCO NEUTRO;HVI3;R05;G5 - BHV;R02;8
V1805;G5;a.RISCO BAIXO;HVI3;R05;G5 - BHV;R02;8
V1805;G5;c.RISCO ALTO;HVI3;R05;G5 - BHV;R03;8
V1805;G5;b.RISCO NEUTRO;HVI3;R05;G5 - BHV;R03;8
V1805;G5;a.RISCO BAIXO;HVI3;R05;G5 - BHV;R03;8
V1805;G5;c.RISCO ALTO;HVI3;R05;G5 - BHV;R04;8
V1805;G5;b.RISCO NEUTRO;HVI3;R05;G5 - BHV;R04;8
V1805;G5;a.RISCO BAIXO;HVI3;R05;G5 - BHV;R04;8
V1805;G5;c.RISCO ALTO;HVI3;R05;G5 - BHV;R05;8
V1805;G5;b.RISCO NEUTRO;HVI3;R05;G5 - BHV;R05;8
V1805;G5;a.RISCO BAIXO;HVI3;R05;G5 - BHV;R05;8
V1805;G5;c.RISCO ALTO;HVI3;R05;G5 - BHV;R06;8
V1805;G5;b.RISCO NEUTRO;HVI3;R05;G5 - BHV;R06;8
V1805;G5;a.RISCO BAIXO;HVI3;R05;G5 - BHV;R06;8
V1805;G5;c.RISCO ALTO;HVI3;R05;G5 - BHV;R07;8
V1805;G5;b.RISCO NEUTRO;HVI3;R05;G5 - BHV;R07;8
V1805;G5;a.RISCO BAIXO;HVI3;R05;G5 - BHV;R07;8
V1805;G5;c.RISCO ALTO;HVI3;R05;G5 - BHV;R08;8
V1805;G5;b.RISCO NEUTRO;HVI3;R05;G5 - BHV;R08;8
V1805;G5;a.RISCO BAIXO;HVI3;R05;G5 - BHV;R08;8
V1805;G5;c.RISCO ALTO;HVI3;R05;G5 - BHV;R09;8
V1805;G5;b.RISCO NEUTRO;HVI3;R05;G5 - BHV;R09;8
V1805;G5;a.RISCO BAIXO;HVI3;R05;G5 - BHV;R09;8
V1805;G5;c.RISCO ALTO;HVI3;R05;G5 - BHV;R10;8
V1805;G5;b.RISCO NEUTRO;HVI3;R05;G5 - BHV;R10;8
V1805;G5;a.RISCO BAIXO;HVI3;R05;G5 - BHV;R10;8
V1805;G5;c.RISCO ALTO;HVI3;R05;G5 - BHV;R11;8
V1805;G5;b.RISCO NEUTRO;HVI3;R05;G5 - BHV;R11;8
V1805;G5;a.RISCO BAIXO;HVI3;R05;G5 - BHV;R11;8
V1805;G5;c.RISCO ALTO;HVI3;R05;G5 - BHV;R12;8
V1805;G5;b.RISCO NEUTRO;HVI3;R05;G5 - BHV;R12;8
V1805;G5;a.RISCO BAIXO;HVI3;R05;G5 - BHV;R12;8
V1805;G5;b.RISCO NEUTRO;HVI3;R05;G5 - BHV;R13;8
V1805;G5;c.RISCO ALTO;HVI3;R05;G5 - BHV;R13;8
V1805;G5;a.RISCO BAIXO;HVI3;R05;G5 - BHV;R13;8
V1805;G5;c.RISCO ALTO;HVI3;R05;G5 - BHV;R14;8
V1805;G5;b.RISCO NEUTRO;HVI3;R05;G5 - BHV;R14;8
V1805;G5;a.RISCO BAIXO;HVI3;R05;G5 - BHV;R14;8
V1805;G5;c.RISCO ALTO;HVI3;R05;G5 - BHV;R15;8
V1805;G5;b.RISCO NEUTRO;HVI3;R05;G5 - BHV;R15;8
V1805;G5;a.RISCO BAIXO;HVI3;R05;G5 - BHV;R15;8
V1805;G5;c.RISCO ALTO;HVI3;R05;G5 - BHV;R16;8
V1805;G5;b.RISCO NEUTRO;HVI3;R05;G5 - BHV;R16;8
V1805;G5;a.RISCO BAIXO;HVI3;R05;G5 - BHV;R16;8
V1805;G5;c.RISCO ALTO;HVI3;R05;G5 - BHV;R17;8
V1805;G5;b.RISCO NEUTRO;HVI3;R05;G5 - BHV;R17;8
V1805;G5;a.RISCO BAIXO;HVI3;R05;G5 - BHV;R17;8
V1805;G5;c.RISCO ALTO;HVI3;R05;G5 - BHV;R18;8
V1805;G5;b.RISCO NEUTRO;HVI3;R05;G5 - BHV;R18;8
V1805;G5;a.RISCO BAIXO;HVI3;R05;G5 - BHV;R18;8
V1805;G5;c.RISCO ALTO;HVI3;R05;G5 - BHV;R19;8
V1805;G5;b.RISCO NEUTRO;HVI3;R05;G5 - BHV;R19;8
V1805;G5;a.RISCO BAIXO;HVI3;R05;G5 - BHV;R19;8
V1805;G5;c.RISCO ALTO;HVI3;R05;G5 - BHV;R20;8
V1805;G5;b.RISCO NEUTRO;HVI3;R05;G5 - BHV;R20;8
V1805;G5;a.RISCO BAIXO;HVI3;R05;G5 - BHV;R20;8
V1805;G5;c.RISCO ALTO;HVI3;R05;G5 - BHV;R99;8
V1805;G5;b.RISCO NEUTRO;HVI3;R05;G5 - BHV;R99;8
V1805;G5;a.RISCO BAIXO;HVI3;R05;G5 - BHV;R99;8
V1805;G5;c.RISCO ALTO;HVI3;R06;G5 - BHV;R01;8
V1805;G5;b.RISCO NEUTRO;HVI3;R06;G5 - BHV;R01;8
V1805;G5;a.RISCO BAIXO;HVI3;R06;G5 - BHV;R01;8
V1805;G5;c.RISCO ALTO;HVI3;R06;G5 - BHV;R02;8
V1805;G5;b.RISCO NEUTRO;HVI3;R06;G5 - BHV;R02;8
V1805;G5;a.RISCO BAIXO;HVI3;R06;G5 - BHV;R02;8
V1805;G5;c.RISCO ALTO;HVI3;R06;G5 - BHV;R03;5
V1805;G5;b.RISCO NEUTRO;HVI3;R06;G5 - BHV;R03;5
V1805;G5;a.RISCO BAIXO;HVI3;R06;G5 - BHV;R03;5
V1805;G5;b.RISCO NEUTRO;HVI3;R06;G5 - BHV;R04;5
V1805;G5;c.RISCO ALTO;HVI3;R06;G5 - BHV;R04;5
V1805;G5;a.RISCO BAIXO;HVI3;R06;G5 - BHV;R04;5
V1805;G5;c.RISCO ALTO;HVI3;R06;G5 - BHV;R05;5
V1805;G5;b.RISCO NEUTRO;HVI3;R06;G5 - BHV;R05;5
V1805;G5;a.RISCO BAIXO;HVI3;R06;G5 - BHV;R05;5
V1805;G5;c.RISCO ALTO;HVI3;R06;G5 - BHV;R06;5
V1805;G5;b.RISCO NEUTRO;HVI3;R06;G5 - BHV;R06;5
V1805;G5;a.RISCO BAIXO;HVI3;R06;G5 - BHV;R06;5
V1805;G5;c.RISCO ALTO;HVI3;R06;G5 - BHV;R07;5
V1805;G5;b.RISCO NEUTRO;HVI3;R06;G5 - BHV;R07;5
V1805;G5;a.RISCO BAIXO;HVI3;R06;G5 - BHV;R07;5
V1805;G5;c.RISCO ALTO;HVI3;R06;G5 - BHV;R08;5
V1805;G5;b.RISCO NEUTRO;HVI3;R06;G5 - BHV;R08;5
V1805;G5;a.RISCO BAIXO;HVI3;R06;G5 - BHV;R08;5
V1805;G5;c.RISCO ALTO;HVI3;R06;G5 - BHV;R09;5
V1805;G5;b.RISCO NEUTRO;HVI3;R06;G5 - BHV;R09;5
V1805;G5;a.RISCO BAIXO;HVI3;R06;G5 - BHV;R09;5
V1805;G5;c.RISCO ALTO;HVI3;R06;G5 - BHV;R10;5
V1805;G5;a.RISCO BAIXO;HVI3;R06;G5 - BHV;R10;5
V1805;G5;b.RISCO NEUTRO;HVI3;R06;G5 - BHV;R10;5
V1805;G5;c.RISCO ALTO;HVI3;R06;G5 - BHV;R11;5
V1805;G5;b.RISCO NEUTRO;HVI3;R06;G5 - BHV;R11;5
V1805;G5;a.RISCO BAIXO;HVI3;R06;G5 - BHV;R11;5
V1805;G5;c.RISCO ALTO;HVI3;R06;G5 - BHV;R12;5
V1805;G5;b.RISCO NEUTRO;HVI3;R06;G5 - BHV;R12;5
V1805;G5;a.RISCO BAIXO;HVI3;R06;G5 - BHV;R12;5
V1805;G5;c.RISCO ALTO;HVI3;R06;G5 - BHV;R13;5
V1805;G5;b.RISCO NEUTRO;HVI3;R06;G5 - BHV;R13;5
V1805;G5;a.RISCO BAIXO;HVI3;R06;G5 - BHV;R13;5
V1805;G5;c.RISCO ALTO;HVI3;R06;G5 - BHV;R14;5
V1805;G5;b.RISCO NEUTRO;HVI3;R06;G5 - BHV;R14;5
V1805;G5;a.RISCO BAIXO;HVI3;R06;G5 - BHV;R14;5
V1805;G5;c.RISCO ALTO;HVI3;R06;G5 - BHV;R15;5
V1805;G5;b.RISCO NEUTRO;HVI3;R06;G5 - BHV;R15;5
V1805;G5;a.RISCO BAIXO;HVI3;R06;G5 - BHV;R15;5
V1805;G5;b.RISCO NEUTRO;HVI3;R06;G5 - BHV;R16;5
V1805;G5;c.RISCO ALTO;HVI3;R06;G5 - BHV;R16;5
V1805;G5;a.RISCO BAIXO;HVI3;R06;G5 - BHV;R16;5
V1805;G5;c.RISCO ALTO;HVI3;R06;G5 - BHV;R17;5
V1805;G5;a.RISCO BAIXO;HVI3;R06;G5 - BHV;R17;5
V1805;G5;b.RISCO NEUTRO;HVI3;R06;G5 - BHV;R17;5
V1805;G5;c.RISCO ALTO;HVI3;R06;G5 - BHV;R18;5
V1805;G5;b.RISCO NEUTRO;HVI3;R06;G5 - BHV;R18;5
V1805;G5;a.RISCO BAIXO;HVI3;R06;G5 - BHV;R18;5
V1805;G5;c.RISCO ALTO;HVI3;R06;G5 - BHV;R19;5
V1805;G5;b.RISCO NEUTRO;HVI3;R06;G5 - BHV;R19;5
V1805;G5;a.RISCO BAIXO;HVI3;R06;G5 - BHV;R19;5
V1805;G5;c.RISCO ALTO;HVI3;R06;G5 - BHV;R20;5
V1805;G5;b.RISCO NEUTRO;HVI3;R06;G5 - BHV;R20;5
V1805;G5;a.RISCO BAIXO;HVI3;R06;G5 - BHV;R20;5
V1805;G5;c.RISCO ALTO;HVI3;R06;G5 - BHV;R99;5
V1805;G5;b.RISCO NEUTRO;HVI3;R06;G5 - BHV;R99;5
V1805;G5;a.RISCO BAIXO;HVI3;R06;G5 - BHV;R99;5
V1805;G5;c.RISCO ALTO;HVI3;R07;G5 - BHV;R01;8
V1805;G5;b.RISCO NEUTRO;HVI3;R07;G5 - BHV;R01;8
V1805;G5;a.RISCO BAIXO;HVI3;R07;G5 - BHV;R01;8
V1805;G5;c.RISCO ALTO;HVI3;R07;G5 - BHV;R02;8
V1805;G5;b.RISCO NEUTRO;HVI3;R07;G5 - BHV;R02;8
V1805;G5;a.RISCO BAIXO;HVI3;R07;G5 - BHV;R02;8
V1805;G5;c.RISCO ALTO;HVI3;R07;G5 - BHV;R03;5
V1805;G5;b.RISCO NEUTRO;HVI3;R07;G5 - BHV;R03;5
V1805;G5;a.RISCO BAIXO;HVI3;R07;G5 - BHV;R03;5
V1805;G5;c.RISCO ALTO;HVI3;R07;G5 - BHV;R04;5
V1805;G5;b.RISCO NEUTRO;HVI3;R07;G5 - BHV;R04;5
V1805;G5;a.RISCO BAIXO;HVI3;R07;G5 - BHV;R04;5
V1805;G5;c.RISCO ALTO;HVI3;R07;G5 - BHV;R05;5
V1805;G5;b.RISCO NEUTRO;HVI3;R07;G5 - BHV;R05;5
V1805;G5;a.RISCO BAIXO;HVI3;R07;G5 - BHV;R05;5
V1805;G5;c.RISCO ALTO;HVI3;R07;G5 - BHV;R06;5
V1805;G5;b.RISCO NEUTRO;HVI3;R07;G5 - BHV;R06;5
V1805;G5;a.RISCO BAIXO;HVI3;R07;G5 - BHV;R06;5
V1805;G5;c.RISCO ALTO;HVI3;R07;G5 - BHV;R07;5
V1805;G5;b.RISCO NEUTRO;HVI3;R07;G5 - BHV;R07;5
V1805;G5;a.RISCO BAIXO;HVI3;R07;G5 - BHV;R07;5
V1805;G5;c.RISCO ALTO;HVI3;R07;G5 - BHV;R08;5
V1805;G5;b.RISCO NEUTRO;HVI3;R07;G5 - BHV;R08;5
V1805;G5;a.RISCO BAIXO;HVI3;R07;G5 - BHV;R08;5
V1805;G5;c.RISCO ALTO;HVI3;R07;G5 - BHV;R09;5
V1805;G5;b.RISCO NEUTRO;HVI3;R07;G5 - BHV;R09;5
V1805;G5;a.RISCO BAIXO;HVI3;R07;G5 - BHV;R09;5
V1805;G5;c.RISCO ALTO;HVI3;R07;G5 - BHV;R10;5
V1805;G5;b.RISCO NEUTRO;HVI3;R07;G5 - BHV;R10;5
V1805;G5;a.RISCO BAIXO;HVI3;R07;G5 - BHV;R10;5
V1805;G5;c.RISCO ALTO;HVI3;R07;G5 - BHV;R11;5
V1805;G5;b.RISCO NEUTRO;HVI3;R07;G5 - BHV;R11;5
V1805;G5;a.RISCO BAIXO;HVI3;R07;G5 - BHV;R11;5
V1805;G5;c.RISCO ALTO;HVI3;R07;G5 - BHV;R12;5
V1805;G5;a.RISCO BAIXO;HVI3;R07;G5 - BHV;R12;5
V1805;G5;b.RISCO NEUTRO;HVI3;R07;G5 - BHV;R12;5
V1805;G5;c.RISCO ALTO;HVI3;R07;G5 - BHV;R13;5
V1805;G5;b.RISCO NEUTRO;HVI3;R07;G5 - BHV;R13;5
V1805;G5;a.RISCO BAIXO;HVI3;R07;G5 - BHV;R13;5
V1805;G5;c.RISCO ALTO;HVI3;R07;G5 - BHV;R14;5
V1805;G5;b.RISCO NEUTRO;HVI3;R07;G5 - BHV;R14;5
V1805;G5;a.RISCO BAIXO;HVI3;R07;G5 - BHV;R14;5
V1805;G5;c.RISCO ALTO;HVI3;R07;G5 - BHV;R15;5
V1805;G5;b.RISCO NEUTRO;HVI3;R07;G5 - BHV;R15;5
V1805;G5;a.RISCO BAIXO;HVI3;R07;G5 - BHV;R15;5
V1805;G5;c.RISCO ALTO;HVI3;R07;G5 - BHV;R16;5
V1805;G5;b.RISCO NEUTRO;HVI3;R07;G5 - BHV;R16;5
V1805;G5;a.RISCO BAIXO;HVI3;R07;G5 - BHV;R16;5
V1805;G5;c.RISCO ALTO;HVI3;R07;G5 - BHV;R17;5
V1805;G5;b.RISCO NEUTRO;HVI3;R07;G5 - BHV;R17;5
V1805;G5;a.RISCO BAIXO;HVI3;R07;G5 - BHV;R17;5
V1805;G5;c.RISCO ALTO;HVI3;R07;G5 - BHV;R18;5
V1805;G5;b.RISCO NEUTRO;HVI3;R07;G5 - BHV;R18;5
V1805;G5;a.RISCO BAIXO;HVI3;R07;G5 - BHV;R18;5
V1805;G5;b.RISCO NEUTRO;HVI3;R07;G5 - BHV;R19;5
V1805;G5;c.RISCO ALTO;HVI3;R07;G5 - BHV;R19;5
V1805;G5;a.RISCO BAIXO;HVI3;R07;G5 - BHV;R19;5
V1805;G5;c.RISCO ALTO;HVI3;R07;G5 - BHV;R20;5
V1805;G5;b.RISCO NEUTRO;HVI3;R07;G5 - BHV;R20;5
V1805;G5;a.RISCO BAIXO;HVI3;R07;G5 - BHV;R20;5
V1805;G5;c.RISCO ALTO;HVI3;R07;G5 - BHV;R99;5
V1805;G5;b.RISCO NEUTRO;HVI3;R07;G5 - BHV;R99;5
V1805;G5;a.RISCO BAIXO;HVI3;R07;G5 - BHV;R99;5
V1805;G5;c.RISCO ALTO;HVI3;R08;G5 - BHV;R01;8
V1805;G5;b.RISCO NEUTRO;HVI3;R08;G5 - BHV;R01;8
V1805;G5;a.RISCO BAIXO;HVI3;R08;G5 - BHV;R01;8
V1805;G5;c.RISCO ALTO;HVI3;R08;G5 - BHV;R02;8
V1805;G5;b.RISCO NEUTRO;HVI3;R08;G5 - BHV;R02;8
V1805;G5;a.RISCO BAIXO;HVI3;R08;G5 - BHV;R02;8
V1805;G5;c.RISCO ALTO;HVI3;R08;G5 - BHV;R03;5
V1805;G5;b.RISCO NEUTRO;HVI3;R08;G5 - BHV;R03;5
V1805;G5;a.RISCO BAIXO;HVI3;R08;G5 - BHV;R03;5
V1805;G5;c.RISCO ALTO;HVI3;R08;G5 - BHV;R04;5
V1805;G5;b.RISCO NEUTRO;HVI3;R08;G5 - BHV;R04;5
V1805;G5;a.RISCO BAIXO;HVI3;R08;G5 - BHV;R04;5
V1805;G5;c.RISCO ALTO;HVI3;R08;G5 - BHV;R05;5
V1805;G5;b.RISCO NEUTRO;HVI3;R08;G5 - BHV;R05;5
V1805;G5;a.RISCO BAIXO;HVI3;R08;G5 - BHV;R05;5
V1805;G5;c.RISCO ALTO;HVI3;R08;G5 - BHV;R06;5
V1805;G5;b.RISCO NEUTRO;HVI3;R08;G5 - BHV;R06;5
V1805;G5;a.RISCO BAIXO;HVI3;R08;G5 - BHV;R06;5
V1805;G5;c.RISCO ALTO;HVI3;R08;G5 - BHV;R07;5
V1805;G5;b.RISCO NEUTRO;HVI3;R08;G5 - BHV;R07;5
V1805;G5;a.RISCO BAIXO;HVI3;R08;G5 - BHV;R07;5
V1805;G5;c.RISCO ALTO;HVI3;R08;G5 - BHV;R08;5
V1805;G5;b.RISCO NEUTRO;HVI3;R08;G5 - BHV;R08;5
V1805;G5;a.RISCO BAIXO;HVI3;R08;G5 - BHV;R08;5
V1805;G5;c.RISCO ALTO;HVI3;R08;G5 - BHV;R09;5
V1805;G5;b.RISCO NEUTRO;HVI3;R08;G5 - BHV;R09;5
V1805;G5;a.RISCO BAIXO;HVI3;R08;G5 - BHV;R09;5
V1805;G5;b.RISCO NEUTRO;HVI3;R08;G5 - BHV;R10;5
V1805;G5;c.RISCO ALTO;HVI3;R08;G5 - BHV;R10;5
V1805;G5;a.RISCO BAIXO;HVI3;R08;G5 - BHV;R10;5
V1805;G5;c.RISCO ALTO;HVI3;R08;G5 - BHV;R11;5
V1805;G5;b.RISCO NEUTRO;HVI3;R08;G5 - BHV;R11;5
V1805;G5;a.RISCO BAIXO;HVI3;R08;G5 - BHV;R11;5
V1805;G5;c.RISCO ALTO;HVI3;R08;G5 - BHV;R12;5
V1805;G5;b.RISCO NEUTRO;HVI3;R08;G5 - BHV;R12;5
V1805;G5;a.RISCO BAIXO;HVI3;R08;G5 - BHV;R12;5
V1805;G5;c.RISCO ALTO;HVI3;R08;G5 - BHV;R13;5
V1805;G5;b.RISCO NEUTRO;HVI3;R08;G5 - BHV;R13;5
V1805;G5;a.RISCO BAIXO;HVI3;R08;G5 - BHV;R13;5
V1805;G5;c.RISCO ALTO;HVI3;R08;G5 - BHV;R14;5
V1805;G5;b.RISCO NEUTRO;HVI3;R08;G5 - BHV;R14;5
V1805;G5;a.RISCO BAIXO;HVI3;R08;G5 - BHV;R14;5
V1805;G5;c.RISCO ALTO;HVI3;R08;G5 - BHV;R15;5
V1805;G5;b.RISCO NEUTRO;HVI3;R08;G5 - BHV;R15;5
V1805;G5;a.RISCO BAIXO;HVI3;R08;G5 - BHV;R15;5
V1805;G5;c.RISCO ALTO;HVI3;R08;G5 - BHV;R16;5
V1805;G5;b.RISCO NEUTRO;HVI3;R08;G5 - BHV;R16;5
V1805;G5;a.RISCO BAIXO;HVI3;R08;G5 - BHV;R16;5
V1805;G5;c.RISCO ALTO;HVI3;R08;G5 - BHV;R17;5
V1805;G5;b.RISCO NEUTRO;HVI3;R08;G5 - BHV;R17;5
V1805;G5;a.RISCO BAIXO;HVI3;R08;G5 - BHV;R17;5
V1805;G5;c.RISCO ALTO;HVI3;R08;G5 - BHV;R18;5
V1805;G5;b.RISCO NEUTRO;HVI3;R08;G5 - BHV;R18;5
V1805;G5;a.RISCO BAIXO;HVI3;R08;G5 - BHV;R18;5
V1805;G5;c.RISCO ALTO;HVI3;R08;G5 - BHV;R19;5
V1805;G5;b.RISCO NEUTRO;HVI3;R08;G5 - BHV;R19;5
V1805;G5;a.RISCO BAIXO;HVI3;R08;G5 - BHV;R19;5
V1805;G5;c.RISCO ALTO;HVI3;R08;G5 - BHV;R20;5
V1805;G5;b.RISCO NEUTRO;HVI3;R08;G5 - BHV;R20;5
V1805;G5;a.RISCO BAIXO;HVI3;R08;G5 - BHV;R20;5
V1805;G5;c.RISCO ALTO;HVI3;R08;G5 - BHV;R99;5
V1805;G5;b.RISCO NEUTRO;HVI3;R08;G5 - BHV;R99;5
V1805;G5;a.RISCO BAIXO;HVI3;R08;G5 - BHV;R99;5
V1805;G5;b.RISCO NEUTRO;HVI3;R09;G5 - BHV;R01;8
V1805;G5;c.RISCO ALTO;HVI3;R09;G5 - BHV;R01;8
V1805;G5;a.RISCO BAIXO;HVI3;R09;G5 - BHV;R01;8
V1805;G5;c.RISCO ALTO;HVI3;R09;G5 - BHV;R02;8
V1805;G5;b.RISCO NEUTRO;HVI3;R09;G5 - BHV;R02;8
V1805;G5;a.RISCO BAIXO;HVI3;R09;G5 - BHV;R02;8
V1805;G5;c.RISCO ALTO;HVI3;R09;G5 - BHV;R03;5
V1805;G5;b.RISCO NEUTRO;HVI3;R09;G5 - BHV;R03;5
V1805;G5;a.RISCO BAIXO;HVI3;R09;G5 - BHV;R03;5
V1805;G5;c.RISCO ALTO;HVI3;R09;G5 - BHV;R04;5
V1805;G5;a.RISCO BAIXO;HVI3;R09;G5 - BHV;R04;5
V1805;G5;b.RISCO NEUTRO;HVI3;R09;G5 - BHV;R04;5
V1805;G5;c.RISCO ALTO;HVI3;R09;G5 - BHV;R05;5
V1805;G5;b.RISCO NEUTRO;HVI3;R09;G5 - BHV;R05;5
V1805;G5;a.RISCO BAIXO;HVI3;R09;G5 - BHV;R05;5
V1805;G5;c.RISCO ALTO;HVI3;R09;G5 - BHV;R06;5
V1805;G5;b.RISCO NEUTRO;HVI3;R09;G5 - BHV;R06;5
V1805;G5;a.RISCO BAIXO;HVI3;R09;G5 - BHV;R06;5
V1805;G5;c.RISCO ALTO;HVI3;R09;G5 - BHV;R07;5
V1805;G5;b.RISCO NEUTRO;HVI3;R09;G5 - BHV;R07;5
V1805;G5;a.RISCO BAIXO;HVI3;R09;G5 - BHV;R07;5
V1805;G5;c.RISCO ALTO;HVI3;R09;G5 - BHV;R08;5
V1805;G5;b.RISCO NEUTRO;HVI3;R09;G5 - BHV;R08;5
V1805;G5;a.RISCO BAIXO;HVI3;R09;G5 - BHV;R08;5
V1805;G5;c.RISCO ALTO;HVI3;R09;G5 - BHV;R09;5
V1805;G5;b.RISCO NEUTRO;HVI3;R09;G5 - BHV;R09;5
V1805;G5;a.RISCO BAIXO;HVI3;R09;G5 - BHV;R09;5
V1805;G5;c.RISCO ALTO;HVI3;R09;G5 - BHV;R10;5
V1805;G5;b.RISCO NEUTRO;HVI3;R09;G5 - BHV;R10;5
V1805;G5;a.RISCO BAIXO;HVI3;R09;G5 - BHV;R10;5
V1805;G5;b.RISCO NEUTRO;HVI3;R09;G5 - BHV;R11;5
V1805;G5;c.RISCO ALTO;HVI3;R09;G5 - BHV;R11;5
V1805;G5;a.RISCO BAIXO;HVI3;R09;G5 - BHV;R11;5
V1805;G5;c.RISCO ALTO;HVI3;R09;G5 - BHV;R12;5
V1805;G5;b.RISCO NEUTRO;HVI3;R09;G5 - BHV;R12;5
V1805;G5;a.RISCO BAIXO;HVI3;R09;G5 - BHV;R12;5
V1805;G5;c.RISCO ALTO;HVI3;R09;G5 - BHV;R13;5
V1805;G5;b.RISCO NEUTRO;HVI3;R09;G5 - BHV;R13;5
V1805;G5;a.RISCO BAIXO;HVI3;R09;G5 - BHV;R13;5
V1805;G5;c.RISCO ALTO;HVI3;R09;G5 - BHV;R14;5
V1805;G5;a.RISCO BAIXO;HVI3;R09;G5 - BHV;R14;5
V1805;G5;b.RISCO NEUTRO;HVI3;R09;G5 - BHV;R14;5
V1805;G5;c.RISCO ALTO;HVI3;R09;G5 - BHV;R15;5
V1805;G5;b.RISCO NEUTRO;HVI3;R09;G5 - BHV;R15;5
V1805;G5;a.RISCO BAIXO;HVI3;R09;G5 - BHV;R15;5
V1805;G5;c.RISCO ALTO;HVI3;R09;G5 - BHV;R16;5
V1805;G5;b.RISCO NEUTRO;HVI3;R09;G5 - BHV;R16;5
V1805;G5;a.RISCO BAIXO;HVI3;R09;G5 - BHV;R16;5
V1805;G5;c.RISCO ALTO;HVI3;R09;G5 - BHV;R17;5
V1805;G5;b.RISCO NEUTRO;HVI3;R09;G5 - BHV;R17;5
V1805;G5;a.RISCO BAIXO;HVI3;R09;G5 - BHV;R17;5
V1805;G5;c.RISCO ALTO;HVI3;R09;G5 - BHV;R18;5
V1805;G5;b.RISCO NEUTRO;HVI3;R09;G5 - BHV;R18;5
V1805;G5;a.RISCO BAIXO;HVI3;R09;G5 - BHV;R18;5
V1805;G5;c.RISCO ALTO;HVI3;R09;G5 - BHV;R19;5
V1805;G5;b.RISCO NEUTRO;HVI3;R09;G5 - BHV;R19;5
V1805;G5;a.RISCO BAIXO;HVI3;R09;G5 - BHV;R19;5
V1805;G5;c.RISCO ALTO;HVI3;R09;G5 - BHV;R20;5
V1805;G5;b.RISCO NEUTRO;HVI3;R09;G5 - BHV;R20;5
V1805;G5;a.RISCO BAIXO;HVI3;R09;G5 - BHV;R20;5
V1805;G5;c.RISCO ALTO;HVI3;R09;G5 - BHV;R99;5
V1805;G5;b.RISCO NEUTRO;HVI3;R09;G5 - BHV;R99;5
V1805;G5;a.RISCO BAIXO;HVI3;R09;G5 - BHV;R99;5
V1805;G5;c.RISCO ALTO;HVI3;R10;G5 - BHV;R01;8
V1805;G5;b.RISCO NEUTRO;HVI3;R10;G5 - BHV;R01;8
V1805;G5;a.RISCO BAIXO;HVI3;R10;G5 - BHV;R01;8
V1805;G5;c.RISCO ALTO;HVI3;R10;G5 - BHV;R02;8
V1805;G5;b.RISCO NEUTRO;HVI3;R10;G5 - BHV;R02;8
V1805;G5;a.RISCO BAIXO;HVI3;R10;G5 - BHV;R02;8
V1805;G5;c.RISCO ALTO;HVI3;R10;G5 - BHV;R03;5
V1805;G5;b.RISCO NEUTRO;HVI3;R10;G5 - BHV;R03;5
V1805;G5;a.RISCO BAIXO;HVI3;R10;G5 - BHV;R03;5
V1805;G5;b.RISCO NEUTRO;HVI3;R10;G5 - BHV;R04;5
V1805;G5;a.RISCO BAIXO;HVI3;R10;G5 - BHV;R04;5
V1805;G5;c.RISCO ALTO;HVI3;R10;G5 - BHV;R04;5
V1805;G5;c.RISCO ALTO;HVI3;R10;G5 - BHV;R05;5
V1805;G5;b.RISCO NEUTRO;HVI3;R10;G5 - BHV;R05;5
V1805;G5;a.RISCO BAIXO;HVI3;R10;G5 - BHV;R05;5
V1805;G5;c.RISCO ALTO;HVI3;R10;G5 - BHV;R06;5
V1805;G5;b.RISCO NEUTRO;HVI3;R10;G5 - BHV;R06;5
V1805;G5;a.RISCO BAIXO;HVI3;R10;G5 - BHV;R06;5
V1805;G5;c.RISCO ALTO;HVI3;R10;G5 - BHV;R07;5
V1805;G5;b.RISCO NEUTRO;HVI3;R10;G5 - BHV;R07;5
V1805;G5;a.RISCO BAIXO;HVI3;R10;G5 - BHV;R07;5
V1805;G5;c.RISCO ALTO;HVI3;R10;G5 - BHV;R08;5
V1805;G5;b.RISCO NEUTRO;HVI3;R10;G5 - BHV;R08;5
V1805;G5;a.RISCO BAIXO;HVI3;R10;G5 - BHV;R08;5
V1805;G5;b.RISCO NEUTRO;HVI3;R10;G5 - BHV;R09;5
V1805;G5;c.RISCO ALTO;HVI3;R10;G5 - BHV;R09;5
V1805;G5;a.RISCO BAIXO;HVI3;R10;G5 - BHV;R09;5
V1805;G5;c.RISCO ALTO;HVI3;R10;G5 - BHV;R10;5
V1805;G5;b.RISCO NEUTRO;HVI3;R10;G5 - BHV;R10;5
V1805;G5;a.RISCO BAIXO;HVI3;R10;G5 - BHV;R10;5
V1805;G5;c.RISCO ALTO;HVI3;R10;G5 - BHV;R11;5
V1805;G5;b.RISCO NEUTRO;HVI3;R10;G5 - BHV;R11;5
V1805;G5;a.RISCO BAIXO;HVI3;R10;G5 - BHV;R11;5
V1805;G5;c.RISCO ALTO;HVI3;R10;G5 - BHV;R12;5
V1805;G5;b.RISCO NEUTRO;HVI3;R10;G5 - BHV;R12;5
V1805;G5;a.RISCO BAIXO;HVI3;R10;G5 - BHV;R12;5
V1805;G5;c.RISCO ALTO;HVI3;R10;G5 - BHV;R13;5
V1805;G5;b.RISCO NEUTRO;HVI3;R10;G5 - BHV;R13;5
V1805;G5;a.RISCO BAIXO;HVI3;R10;G5 - BHV;R13;5
V1805;G5;c.RISCO ALTO;HVI3;R10;G5 - BHV;R14;5
V1805;G5;b.RISCO NEUTRO;HVI3;R10;G5 - BHV;R14;5
V1805;G5;a.RISCO BAIXO;HVI3;R10;G5 - BHV;R14;5
V1805;G5;c.RISCO ALTO;HVI3;R10;G5 - BHV;R15;5
V1805;G5;b.RISCO NEUTRO;HVI3;R10;G5 - BHV;R15;5
V1805;G5;a.RISCO BAIXO;HVI3;R10;G5 - BHV;R15;5
V1805;G5;b.RISCO NEUTRO;HVI3;R10;G5 - BHV;R16;5
V1805;G5;c.RISCO ALTO;HVI3;R10;G5 - BHV;R16;5
V1805;G5;a.RISCO BAIXO;HVI3;R10;G5 - BHV;R16;5
V1805;G5;c.RISCO ALTO;HVI3;R10;G5 - BHV;R17;5
V1805;G5;b.RISCO NEUTRO;HVI3;R10;G5 - BHV;R17;5
V1805;G5;a.RISCO BAIXO;HVI3;R10;G5 - BHV;R17;5
V1805;G5;c.RISCO ALTO;HVI3;R10;G5 - BHV;R18;5
V1805;G5;b.RISCO NEUTRO;HVI3;R10;G5 - BHV;R18;5
V1805;G5;a.RISCO BAIXO;HVI3;R10;G5 - BHV;R18;5
V1805;G5;c.RISCO ALTO;HVI3;R10;G5 - BHV;R19;5
V1805;G5;b.RISCO NEUTRO;HVI3;R10;G5 - BHV;R19;5
V1805;G5;a.RISCO BAIXO;HVI3;R10;G5 - BHV;R19;5
V1805;G5;c.RISCO ALTO;HVI3;R10;G5 - BHV;R20;5
V1805;G5;b.RISCO NEUTRO;HVI3;R10;G5 - BHV;R20;5
V1805;G5;a.RISCO BAIXO;HVI3;R10;G5 - BHV;R20;5
V1805;G5;c.RISCO ALTO;HVI3;R10;G5 - BHV;R99;5
V1805;G5;b.RISCO NEUTRO;HVI3;R10;G5 - BHV;R99;5
V1805;G5;a.RISCO BAIXO;HVI3;R10;G5 - BHV;R99;5
V1805;G5;c.RISCO ALTO;HVI3;R11;G5 - BHV;R01;8
V1805;G5;b.RISCO NEUTRO;HVI3;R11;G5 - BHV;R01;8
V1805;G5;a.RISCO BAIXO;HVI3;R11;G5 - BHV;R01;8
V1805;G5;c.RISCO ALTO;HVI3;R11;G5 - BHV;R02;8
V1805;G5;b.RISCO NEUTRO;HVI3;R11;G5 - BHV;R02;8
V1805;G5;a.RISCO BAIXO;HVI3;R11;G5 - BHV;R02;8
V1805;G5;c.RISCO ALTO;HVI3;R11;G5 - BHV;R03;5
V1805;G5;b.RISCO NEUTRO;HVI3;R11;G5 - BHV;R03;5
V1805;G5;a.RISCO BAIXO;HVI3;R11;G5 - BHV;R03;5
V1805;G5;c.RISCO ALTO;HVI3;R11;G5 - BHV;R04;5
V1805;G5;b.RISCO NEUTRO;HVI3;R11;G5 - BHV;R04;5
V1805;G5;a.RISCO BAIXO;HVI3;R11;G5 - BHV;R04;5
V1805;G5;c.RISCO ALTO;HVI3;R11;G5 - BHV;R05;5
V1805;G5;b.RISCO NEUTRO;HVI3;R11;G5 - BHV;R05;5
V1805;G5;a.RISCO BAIXO;HVI3;R11;G5 - BHV;R05;5
V1805;G5;c.RISCO ALTO;HVI3;R11;G5 - BHV;R06;5
V1805;G5;b.RISCO NEUTRO;HVI3;R11;G5 - BHV;R06;5
V1805;G5;a.RISCO BAIXO;HVI3;R11;G5 - BHV;R06;5
V1805;G5;b.RISCO NEUTRO;HVI3;R11;G5 - BHV;R07;5
V1805;G5;c.RISCO ALTO;HVI3;R11;G5 - BHV;R07;5
V1805;G5;a.RISCO BAIXO;HVI3;R11;G5 - BHV;R07;5
V1805;G5;c.RISCO ALTO;HVI3;R11;G5 - BHV;R08;5
V1805;G5;b.RISCO NEUTRO;HVI3;R11;G5 - BHV;R08;5
V1805;G5;a.RISCO BAIXO;HVI3;R11;G5 - BHV;R08;5
V1805;G5;c.RISCO ALTO;HVI3;R11;G5 - BHV;R09;5
V1805;G5;b.RISCO NEUTRO;HVI3;R11;G5 - BHV;R09;5
V1805;G5;a.RISCO BAIXO;HVI3;R11;G5 - BHV;R09;5
V1805;G5;c.RISCO ALTO;HVI3;R11;G5 - BHV;R10;5
V1805;G5;b.RISCO NEUTRO;HVI3;R11;G5 - BHV;R10;5
V1805;G5;a.RISCO BAIXO;HVI3;R11;G5 - BHV;R10;5
V1805;G5;c.RISCO ALTO;HVI3;R11;G5 - BHV;R11;5
V1805;G5;b.RISCO NEUTRO;HVI3;R11;G5 - BHV;R11;5
V1805;G5;a.RISCO BAIXO;HVI3;R11;G5 - BHV;R11;5
V1805;G5;c.RISCO ALTO;HVI3;R11;G5 - BHV;R12;5
V1805;G5;b.RISCO NEUTRO;HVI3;R11;G5 - BHV;R12;5
V1805;G5;a.RISCO BAIXO;HVI3;R11;G5 - BHV;R12;5
V1805;G5;c.RISCO ALTO;HVI3;R11;G5 - BHV;R13;5
V1805;G5;b.RISCO NEUTRO;HVI3;R11;G5 - BHV;R13;5
V1805;G5;a.RISCO BAIXO;HVI3;R11;G5 - BHV;R13;5
V1805;G5;c.RISCO ALTO;HVI3;R11;G5 - BHV;R14;5
V1805;G5;b.RISCO NEUTRO;HVI3;R11;G5 - BHV;R14;5
V1805;G5;a.RISCO BAIXO;HVI3;R11;G5 - BHV;R14;5
V1805;G5;c.RISCO ALTO;HVI3;R11;G5 - BHV;R15;5
V1805;G5;b.RISCO NEUTRO;HVI3;R11;G5 - BHV;R15;5
V1805;G5;a.RISCO BAIXO;HVI3;R11;G5 - BHV;R15;5
V1805;G5;c.RISCO ALTO;HVI3;R11;G5 - BHV;R16;5
V1805;G5;b.RISCO NEUTRO;HVI3;R11;G5 - BHV;R16;5
V1805;G5;a.RISCO BAIXO;HVI3;R11;G5 - BHV;R16;5
V1805;G5;c.RISCO ALTO;HVI3;R11;G5 - BHV;R17;5
V1805;G5;b.RISCO NEUTRO;HVI3;R11;G5 - BHV;R17;5
V1805;G5;a.RISCO BAIXO;HVI3;R11;G5 - BHV;R17;5
V1805;G5;c.RISCO ALTO;HVI3;R11;G5 - BHV;R18;5
V1805;G5;b.RISCO NEUTRO;HVI3;R11;G5 - BHV;R18;5
V1805;G5;a.RISCO BAIXO;HVI3;R11;G5 - BHV;R18;5
V1805;G5;c.RISCO ALTO;HVI3;R11;G5 - BHV;R19;5
V1805;G5;b.RISCO NEUTRO;HVI3;R11;G5 - BHV;R19;5
V1805;G5;a.RISCO BAIXO;HVI3;R11;G5 - BHV;R19;5
V1805;G5;c.RISCO ALTO;HVI3;R11;G5 - BHV;R20;5
V1805;G5;b.RISCO NEUTRO;HVI3;R11;G5 - BHV;R20;5
V1805;G5;a.RISCO BAIXO;HVI3;R11;G5 - BHV;R20;5
V1805;G5;c.RISCO ALTO;HVI3;R11;G5 - BHV;R99;5
V1805;G5;b.RISCO NEUTRO;HVI3;R11;G5 - BHV;R99;5
V1805;G5;a.RISCO BAIXO;HVI3;R11;G5 - BHV;R99;5
V1805;G5;c.RISCO ALTO;HVI3;R12;G5 - BHV;R01;8
V1805;G5;b.RISCO NEUTRO;HVI3;R12;G5 - BHV;R01;8
V1805;G5;a.RISCO BAIXO;HVI3;R12;G5 - BHV;R01;8
V1805;G5;c.RISCO ALTO;HVI3;R12;G5 - BHV;R02;8
V1805;G5;b.RISCO NEUTRO;HVI3;R12;G5 - BHV;R02;8
V1805;G5;a.RISCO BAIXO;HVI3;R12;G5 - BHV;R02;8
V1805;G5;c.RISCO ALTO;HVI3;R12;G5 - BHV;R03;5
V1805;G5;b.RISCO NEUTRO;HVI3;R12;G5 - BHV;R03;5
V1805;G5;a.RISCO BAIXO;HVI3;R12;G5 - BHV;R03;5
V1805;G5;c.RISCO ALTO;HVI3;R12;G5 - BHV;R04;5
V1805;G5;b.RISCO NEUTRO;HVI3;R12;G5 - BHV;R04;5
V1805;G5;a.RISCO BAIXO;HVI3;R12;G5 - BHV;R04;5
V1805;G5;c.RISCO ALTO;HVI3;R12;G5 - BHV;R05;5
V1805;G5;b.RISCO NEUTRO;HVI3;R12;G5 - BHV;R05;5
V1805;G5;a.RISCO BAIXO;HVI3;R12;G5 - BHV;R05;5
V1805;G5;c.RISCO ALTO;HVI3;R12;G5 - BHV;R06;0
V1805;G5;b.RISCO NEUTRO;HVI3;R12;G5 - BHV;R06;5
V1805;G5;a.RISCO BAIXO;HVI3;R12;G5 - BHV;R06;5
V1805;G5;c.RISCO ALTO;HVI3;R12;G5 - BHV;R07;0
V1805;G5;b.RISCO NEUTRO;HVI3;R12;G5 - BHV;R07;5
V1805;G5;a.RISCO BAIXO;HVI3;R12;G5 - BHV;R07;5
V1805;G5;c.RISCO ALTO;HVI3;R12;G5 - BHV;R08;0
V1805;G5;b.RISCO NEUTRO;HVI3;R12;G5 - BHV;R08;5
V1805;G5;a.RISCO BAIXO;HVI3;R12;G5 - BHV;R08;5
V1805;G5;c.RISCO ALTO;HVI3;R12;G5 - BHV;R09;0
V1805;G5;b.RISCO NEUTRO;HVI3;R12;G5 - BHV;R09;5
V1805;G5;a.RISCO BAIXO;HVI3;R12;G5 - BHV;R09;5
V1805;G5;c.RISCO ALTO;HVI3;R12;G5 - BHV;R10;0
V1805;G5;b.RISCO NEUTRO;HVI3;R12;G5 - BHV;R10;5
V1805;G5;a.RISCO BAIXO;HVI3;R12;G5 - BHV;R10;5
V1805;G5;c.RISCO ALTO;HVI3;R12;G5 - BHV;R11;0
V1805;G5;b.RISCO NEUTRO;HVI3;R12;G5 - BHV;R11;5
V1805;G5;a.RISCO BAIXO;HVI3;R12;G5 - BHV;R11;5
V1805;G5;c.RISCO ALTO;HVI3;R12;G5 - BHV;R12;0
V1805;G5;b.RISCO NEUTRO;HVI3;R12;G5 - BHV;R12;5
V1805;G5;a.RISCO BAIXO;HVI3;R12;G5 - BHV;R12;5
V1805;G5;c.RISCO ALTO;HVI3;R12;G5 - BHV;R13;0
V1805;G5;b.RISCO NEUTRO;HVI3;R12;G5 - BHV;R13;5
V1805;G5;a.RISCO BAIXO;HVI3;R12;G5 - BHV;R13;5
V1805;G5;c.RISCO ALTO;HVI3;R12;G5 - BHV;R14;0
V1805;G5;b.RISCO NEUTRO;HVI3;R12;G5 - BHV;R14;5
V1805;G5;a.RISCO BAIXO;HVI3;R12;G5 - BHV;R14;5
V1805;G5;c.RISCO ALTO;HVI3;R12;G5 - BHV;R15;0
V1805;G5;b.RISCO NEUTRO;HVI3;R12;G5 - BHV;R15;5
V1805;G5;a.RISCO BAIXO;HVI3;R12;G5 - BHV;R15;5
V1805;G5;c.RISCO ALTO;HVI3;R12;G5 - BHV;R16;0
V1805;G5;b.RISCO NEUTRO;HVI3;R12;G5 - BHV;R16;5
V1805;G5;a.RISCO BAIXO;HVI3;R12;G5 - BHV;R16;5
V1805;G5;c.RISCO ALTO;HVI3;R12;G5 - BHV;R17;0
V1805;G5;b.RISCO NEUTRO;HVI3;R12;G5 - BHV;R17;5
V1805;G5;a.RISCO BAIXO;HVI3;R12;G5 - BHV;R17;5
V1805;G5;b.RISCO NEUTRO;HVI3;R12;G5 - BHV;R18;5
V1805;G5;c.RISCO ALTO;HVI3;R12;G5 - BHV;R18;0
V1805;G5;a.RISCO BAIXO;HVI3;R12;G5 - BHV;R18;5
V1805;G5;c.RISCO ALTO;HVI3;R12;G5 - BHV;R19;0
V1805;G5;b.RISCO NEUTRO;HVI3;R12;G5 - BHV;R19;5
V1805;G5;a.RISCO BAIXO;HVI3;R12;G5 - BHV;R19;5
V1805;G5;c.RISCO ALTO;HVI3;R12;G5 - BHV;R20;0
V1805;G5;b.RISCO NEUTRO;HVI3;R12;G5 - BHV;R20;5
V1805;G5;a.RISCO BAIXO;HVI3;R12;G5 - BHV;R20;5
V1805;G5;c.RISCO ALTO;HVI3;R12;G5 - BHV;R99;0
V1805;G5;b.RISCO NEUTRO;HVI3;R12;G5 - BHV;R99;5
V1805;G5;a.RISCO BAIXO;HVI3;R12;G5 - BHV;R99;5
V1805;G5;b.RISCO NEUTRO;HVI3;R13;G5 - BHV;R01;8
V1805;G5;c.RISCO ALTO;HVI3;R13;G5 - BHV;R01;8
V1805;G5;a.RISCO BAIXO;HVI3;R13;G5 - BHV;R01;8
V1805;G5;c.RISCO ALTO;HVI3;R13;G5 - BHV;R02;8
V1805;G5;b.RISCO NEUTRO;HVI3;R13;G5 - BHV;R02;8
V1805;G5;a.RISCO BAIXO;HVI3;R13;G5 - BHV;R02;8
V1805;G5;c.RISCO ALTO;HVI3;R13;G5 - BHV;R03;5
V1805;G5;b.RISCO NEUTRO;HVI3;R13;G5 - BHV;R03;5
V1805;G5;a.RISCO BAIXO;HVI3;R13;G5 - BHV;R03;5
V1805;G5;c.RISCO ALTO;HVI3;R13;G5 - BHV;R04;5
V1805;G5;b.RISCO NEUTRO;HVI3;R13;G5 - BHV;R04;5
V1805;G5;a.RISCO BAIXO;HVI3;R13;G5 - BHV;R04;5
V1805;G5;c.RISCO ALTO;HVI3;R13;G5 - BHV;R05;5
V1805;G5;b.RISCO NEUTRO;HVI3;R13;G5 - BHV;R05;5
V1805;G5;a.RISCO BAIXO;HVI3;R13;G5 - BHV;R05;5
V1805;G5;c.RISCO ALTO;HVI3;R13;G5 - BHV;R06;0
V1805;G5;b.RISCO NEUTRO;HVI3;R13;G5 - BHV;R06;5
V1805;G5;a.RISCO BAIXO;HVI3;R13;G5 - BHV;R06;5
V1805;G5;c.RISCO ALTO;HVI3;R13;G5 - BHV;R07;0
V1805;G5;b.RISCO NEUTRO;HVI3;R13;G5 - BHV;R07;0
V1805;G5;a.RISCO BAIXO;HVI3;R13;G5 - BHV;R07;5
V1805;G5;c.RISCO ALTO;HVI3;R13;G5 - BHV;R08;0
V1805;G5;b.RISCO NEUTRO;HVI3;R13;G5 - BHV;R08;0
V1805;G5;a.RISCO BAIXO;HVI3;R13;G5 - BHV;R08;5
V1805;G5;c.RISCO ALTO;HVI3;R13;G5 - BHV;R09;0
V1805;G5;b.RISCO NEUTRO;HVI3;R13;G5 - BHV;R09;0
V1805;G5;a.RISCO BAIXO;HVI3;R13;G5 - BHV;R09;5
V1805;G5;c.RISCO ALTO;HVI3;R13;G5 - BHV;R10;0
V1805;G5;b.RISCO NEUTRO;HVI3;R13;G5 - BHV;R10;0
V1805;G5;a.RISCO BAIXO;HVI3;R13;G5 - BHV;R10;5
V1805;G5;c.RISCO ALTO;HVI3;R13;G5 - BHV;R11;0
V1805;G5;b.RISCO NEUTRO;HVI3;R13;G5 - BHV;R11;0
V1805;G5;a.RISCO BAIXO;HVI3;R13;G5 - BHV;R11;5
V1805;G5;c.RISCO ALTO;HVI3;R13;G5 - BHV;R12;0
V1805;G5;b.RISCO NEUTRO;HVI3;R13;G5 - BHV;R12;0
V1805;G5;a.RISCO BAIXO;HVI3;R13;G5 - BHV;R12;5
V1805;G5;b.RISCO NEUTRO;HVI3;R13;G5 - BHV;R13;0
V1805;G5;c.RISCO ALTO;HVI3;R13;G5 - BHV;R13;0
V1805;G5;a.RISCO BAIXO;HVI3;R13;G5 - BHV;R13;5
V1805;G5;c.RISCO ALTO;HVI3;R13;G5 - BHV;R14;0
V1805;G5;b.RISCO NEUTRO;HVI3;R13;G5 - BHV;R14;0
V1805;G5;a.RISCO BAIXO;HVI3;R13;G5 - BHV;R14;5
V1805;G5;c.RISCO ALTO;HVI3;R13;G5 - BHV;R15;0
V1805;G5;b.RISCO NEUTRO;HVI3;R13;G5 - BHV;R15;0
V1805;G5;a.RISCO BAIXO;HVI3;R13;G5 - BHV;R15;5
V1805;G5;c.RISCO ALTO;HVI3;R13;G5 - BHV;R16;0
V1805;G5;b.RISCO NEUTRO;HVI3;R13;G5 - BHV;R16;0
V1805;G5;a.RISCO BAIXO;HVI3;R13;G5 - BHV;R16;5
V1805;G5;c.RISCO ALTO;HVI3;R13;G5 - BHV;R17;0
V1805;G5;b.RISCO NEUTRO;HVI3;R13;G5 - BHV;R17;0
V1805;G5;a.RISCO BAIXO;HVI3;R13;G5 - BHV;R17;5
V1805;G5;c.RISCO ALTO;HVI3;R13;G5 - BHV;R18;0
V1805;G5;b.RISCO NEUTRO;HVI3;R13;G5 - BHV;R18;0
V1805;G5;a.RISCO BAIXO;HVI3;R13;G5 - BHV;R18;5
V1805;G5;c.RISCO ALTO;HVI3;R13;G5 - BHV;R19;0
V1805;G5;b.RISCO NEUTRO;HVI3;R13;G5 - BHV;R19;0
V1805;G5;a.RISCO BAIXO;HVI3;R13;G5 - BHV;R19;5
V1805;G5;c.RISCO ALTO;HVI3;R13;G5 - BHV;R20;0
V1805;G5;b.RISCO NEUTRO;HVI3;R13;G5 - BHV;R20;0
V1805;G5;a.RISCO BAIXO;HVI3;R13;G5 - BHV;R20;5
V1805;G5;b.RISCO NEUTRO;HVI3;R13;G5 - BHV;R99;0
V1805;G5;c.RISCO ALTO;HVI3;R13;G5 - BHV;R99;0
V1805;G5;a.RISCO BAIXO;HVI3;R13;G5 - BHV;R99;5
V1805;G5;c.RISCO ALTO;HVI3;R14;G5 - BHV;R01;8
V1805;G5;b.RISCO NEUTRO;HVI3;R14;G5 - BHV;R01;8
V1805;G5;a.RISCO BAIXO;HVI3;R14;G5 - BHV;R01;8
V1805;G5;c.RISCO ALTO;HVI3;R14;G5 - BHV;R02;8
V1805;G5;b.RISCO NEUTRO;HVI3;R14;G5 - BHV;R02;8
V1805;G5;a.RISCO BAIXO;HVI3;R14;G5 - BHV;R02;8
V1805;G5;c.RISCO ALTO;HVI3;R14;G5 - BHV;R03;5
V1805;G5;b.RISCO NEUTRO;HVI3;R14;G5 - BHV;R03;5
V1805;G5;a.RISCO BAIXO;HVI3;R14;G5 - BHV;R03;5
V1805;G5;c.RISCO ALTO;HVI3;R14;G5 - BHV;R04;5
V1805;G5;b.RISCO NEUTRO;HVI3;R14;G5 - BHV;R04;5
V1805;G5;a.RISCO BAIXO;HVI3;R14;G5 - BHV;R04;5
V1805;G5;c.RISCO ALTO;HVI3;R14;G5 - BHV;R05;5
V1805;G5;b.RISCO NEUTRO;HVI3;R14;G5 - BHV;R05;5
V1805;G5;a.RISCO BAIXO;HVI3;R14;G5 - BHV;R05;5
V1805;G5;c.RISCO ALTO;HVI3;R14;G5 - BHV;R06;0
V1805;G5;b.RISCO NEUTRO;HVI3;R14;G5 - BHV;R06;5
V1805;G5;a.RISCO BAIXO;HVI3;R14;G5 - BHV;R06;5
V1805;G5;c.RISCO ALTO;HVI3;R14;G5 - BHV;R07;0
V1805;G5;b.RISCO NEUTRO;HVI3;R14;G5 - BHV;R07;0
V1805;G5;a.RISCO BAIXO;HVI3;R14;G5 - BHV;R07;5
V1805;G5;c.RISCO ALTO;HVI3;R14;G5 - BHV;R08;0
V1805;G5;b.RISCO NEUTRO;HVI3;R14;G5 - BHV;R08;0
V1805;G5;a.RISCO BAIXO;HVI3;R14;G5 - BHV;R08;5
V1805;G5;c.RISCO ALTO;HVI3;R14;G5 - BHV;R09;0
V1805;G5;b.RISCO NEUTRO;HVI3;R14;G5 - BHV;R09;0
V1805;G5;a.RISCO BAIXO;HVI3;R14;G5 - BHV;R09;5
V1805;G5;c.RISCO ALTO;HVI3;R14;G5 - BHV;R10;0
V1805;G5;b.RISCO NEUTRO;HVI3;R14;G5 - BHV;R10;0
V1805;G5;a.RISCO BAIXO;HVI3;R14;G5 - BHV;R10;5
V1805;G5;c.RISCO ALTO;HVI3;R14;G5 - BHV;R11;0
V1805;G5;b.RISCO NEUTRO;HVI3;R14;G5 - BHV;R11;0
V1805;G5;a.RISCO BAIXO;HVI3;R14;G5 - BHV;R11;5
V1805;G5;c.RISCO ALTO;HVI3;R14;G5 - BHV;R12;0
V1805;G5;b.RISCO NEUTRO;HVI3;R14;G5 - BHV;R12;0
V1805;G5;a.RISCO BAIXO;HVI3;R14;G5 - BHV;R12;5
V1805;G5;c.RISCO ALTO;HVI3;R14;G5 - BHV;R13;0
V1805;G5;b.RISCO NEUTRO;HVI3;R14;G5 - BHV;R13;0
V1805;G5;a.RISCO BAIXO;HVI3;R14;G5 - BHV;R13;5
V1805;G5;c.RISCO ALTO;HVI3;R14;G5 - BHV;R14;0
V1805;G5;b.RISCO NEUTRO;HVI3;R14;G5 - BHV;R14;0
V1805;G5;a.RISCO BAIXO;HVI3;R14;G5 - BHV;R14;5
V1805;G5;c.RISCO ALTO;HVI3;R14;G5 - BHV;R15;0
V1805;G5;b.RISCO NEUTRO;HVI3;R14;G5 - BHV;R15;0
V1805;G5;a.RISCO BAIXO;HVI3;R14;G5 - BHV;R15;5
V1805;G5;b.RISCO NEUTRO;HVI3;R14;G5 - BHV;R16;0
V1805;G5;c.RISCO ALTO;HVI3;R14;G5 - BHV;R16;0
V1805;G5;a.RISCO BAIXO;HVI3;R14;G5 - BHV;R16;5
V1805;G5;c.RISCO ALTO;HVI3;R14;G5 - BHV;R17;0
V1805;G5;b.RISCO NEUTRO;HVI3;R14;G5 - BHV;R17;0
V1805;G5;a.RISCO BAIXO;HVI3;R14;G5 - BHV;R17;5
V1805;G5;c.RISCO ALTO;HVI3;R14;G5 - BHV;R18;0
V1805;G5;b.RISCO NEUTRO;HVI3;R14;G5 - BHV;R18;0
V1805;G5;a.RISCO BAIXO;HVI3;R14;G5 - BHV;R18;5
V1805;G5;c.RISCO ALTO;HVI3;R14;G5 - BHV;R19;0
V1805;G5;b.RISCO NEUTRO;HVI3;R14;G5 - BHV;R19;0
V1805;G5;a.RISCO BAIXO;HVI3;R14;G5 - BHV;R19;5
V1805;G5;c.RISCO ALTO;HVI3;R14;G5 - BHV;R20;0
V1805;G5;b.RISCO NEUTRO;HVI3;R14;G5 - BHV;R20;0
V1805;G5;a.RISCO BAIXO;HVI3;R14;G5 - BHV;R20;5
V1805;G5;c.RISCO ALTO;HVI3;R14;G5 - BHV;R99;0
V1805;G5;b.RISCO NEUTRO;HVI3;R14;G5 - BHV;R99;0
V1805;G5;a.RISCO BAIXO;HVI3;R14;G5 - BHV;R99;5
V1805;G5;c.RISCO ALTO;HVI3;R15;G5 - BHV;R01;8
V1805;G5;b.RISCO NEUTRO;HVI3;R15;G5 - BHV;R01;8
V1805;G5;a.RISCO BAIXO;HVI3;R15;G5 - BHV;R01;8
V1805;G5;c.RISCO ALTO;HVI3;R15;G5 - BHV;R02;8
V1805;G5;b.RISCO NEUTRO;HVI3;R15;G5 - BHV;R02;8
V1805;G5;a.RISCO BAIXO;HVI3;R15;G5 - BHV;R02;8
V1805;G5;c.RISCO ALTO;HVI3;R15;G5 - BHV;R03;5
V1805;G5;b.RISCO NEUTRO;HVI3;R15;G5 - BHV;R03;5
V1805;G5;a.RISCO BAIXO;HVI3;R15;G5 - BHV;R03;5
V1805;G5;c.RISCO ALTO;HVI3;R15;G5 - BHV;R04;5
V1805;G5;b.RISCO NEUTRO;HVI3;R15;G5 - BHV;R04;5
V1805;G5;a.RISCO BAIXO;HVI3;R15;G5 - BHV;R04;5
V1805;G5;c.RISCO ALTO;HVI3;R15;G5 - BHV;R05;5
V1805;G5;b.RISCO NEUTRO;HVI3;R15;G5 - BHV;R05;5
V1805;G5;a.RISCO BAIXO;HVI3;R15;G5 - BHV;R05;5
V1805;G5;c.RISCO ALTO;HVI3;R15;G5 - BHV;R06;0
V1805;G5;b.RISCO NEUTRO;HVI3;R15;G5 - BHV;R06;5
V1805;G5;a.RISCO BAIXO;HVI3;R15;G5 - BHV;R06;5
V1805;G5;b.RISCO NEUTRO;HVI3;R15;G5 - BHV;R07;0
V1805;G5;c.RISCO ALTO;HVI3;R15;G5 - BHV;R07;0
V1805;G5;a.RISCO BAIXO;HVI3;R15;G5 - BHV;R07;5
V1805;G5;c.RISCO ALTO;HVI3;R15;G5 - BHV;R08;0
V1805;G5;b.RISCO NEUTRO;HVI3;R15;G5 - BHV;R08;0
V1805;G5;a.RISCO BAIXO;HVI3;R15;G5 - BHV;R08;5
V1805;G5;c.RISCO ALTO;HVI3;R15;G5 - BHV;R09;0
V1805;G5;b.RISCO NEUTRO;HVI3;R15;G5 - BHV;R09;0
V1805;G5;a.RISCO BAIXO;HVI3;R15;G5 - BHV;R09;5
V1805;G5;c.RISCO ALTO;HVI3;R15;G5 - BHV;R10;0
V1805;G5;b.RISCO NEUTRO;HVI3;R15;G5 - BHV;R10;0
V1805;G5;a.RISCO BAIXO;HVI3;R15;G5 - BHV;R10;5
V1805;G5;c.RISCO ALTO;HVI3;R15;G5 - BHV;R11;0
V1805;G5;b.RISCO NEUTRO;HVI3;R15;G5 - BHV;R11;0
V1805;G5;a.RISCO BAIXO;HVI3;R15;G5 - BHV;R11;5
V1805;G5;c.RISCO ALTO;HVI3;R15;G5 - BHV;R12;0
V1805;G5;b.RISCO NEUTRO;HVI3;R15;G5 - BHV;R12;0
V1805;G5;a.RISCO BAIXO;HVI3;R15;G5 - BHV;R12;5
V1805;G5;c.RISCO ALTO;HVI3;R15;G5 - BHV;R13;0
V1805;G5;b.RISCO NEUTRO;HVI3;R15;G5 - BHV;R13;0
V1805;G5;a.RISCO BAIXO;HVI3;R15;G5 - BHV;R13;5
V1805;G5;c.RISCO ALTO;HVI3;R15;G5 - BHV;R14;0
V1805;G5;b.RISCO NEUTRO;HVI3;R15;G5 - BHV;R14;0
V1805;G5;a.RISCO BAIXO;HVI3;R15;G5 - BHV;R14;5
V1805;G5;c.RISCO ALTO;HVI3;R15;G5 - BHV;R15;0
V1805;G5;b.RISCO NEUTRO;HVI3;R15;G5 - BHV;R15;0
V1805;G5;a.RISCO BAIXO;HVI3;R15;G5 - BHV;R15;5
V1805;G5;c.RISCO ALTO;HVI3;R15;G5 - BHV;R16;0
V1805;G5;b.RISCO NEUTRO;HVI3;R15;G5 - BHV;R16;0
V1805;G5;a.RISCO BAIXO;HVI3;R15;G5 - BHV;R16;5
V1805;G5;c.RISCO ALTO;HVI3;R15;G5 - BHV;R17;0
V1805;G5;b.RISCO NEUTRO;HVI3;R15;G5 - BHV;R17;0
V1805;G5;a.RISCO BAIXO;HVI3;R15;G5 - BHV;R17;5
V1805;G5;c.RISCO ALTO;HVI3;R15;G5 - BHV;R18;0
V1805;G5;b.RISCO NEUTRO;HVI3;R15;G5 - BHV;R18;0
V1805;G5;a.RISCO BAIXO;HVI3;R15;G5 - BHV;R18;5
V1805;G5;b.RISCO NEUTRO;HVI3;R15;G5 - BHV;R19;0
V1805;G5;c.RISCO ALTO;HVI3;R15;G5 - BHV;R19;0
V1805;G5;a.RISCO BAIXO;HVI3;R15;G5 - BHV;R19;5
V1805;G5;c.RISCO ALTO;HVI3;R15;G5 - BHV;R20;0
V1805;G5;b.RISCO NEUTRO;HVI3;R15;G5 - BHV;R20;0
V1805;G5;a.RISCO BAIXO;HVI3;R15;G5 - BHV;R20;5
V1805;G5;c.RISCO ALTO;HVI3;R15;G5 - BHV;R99;0
V1805;G5;b.RISCO NEUTRO;HVI3;R15;G5 - BHV;R99;0
V1805;G5;a.RISCO BAIXO;HVI3;R15;G5 - BHV;R99;5
V1805;G5;c.RISCO ALTO;HVI3;R16;G5 - BHV;R01;8
V1805;G5;b.RISCO NEUTRO;HVI3;R16;G5 - BHV;R01;8
V1805;G5;a.RISCO BAIXO;HVI3;R16;G5 - BHV;R01;8
V1805;G5;c.RISCO ALTO;HVI3;R16;G5 - BHV;R02;8
V1805;G5;b.RISCO NEUTRO;HVI3;R16;G5 - BHV;R02;8
V1805;G5;a.RISCO BAIXO;HVI3;R16;G5 - BHV;R02;8
V1805;G5;c.RISCO ALTO;HVI3;R16;G5 - BHV;R03;5
V1805;G5;b.RISCO NEUTRO;HVI3;R16;G5 - BHV;R03;0
V1805;G5;a.RISCO BAIXO;HVI3;R16;G5 - BHV;R03;5
V1805;G5;c.RISCO ALTO;HVI3;R16;G5 - BHV;R04;0
V1805;G5;b.RISCO NEUTRO;HVI3;R16;G5 - BHV;R04;0
V1805;G5;a.RISCO BAIXO;HVI3;R16;G5 - BHV;R04;5
V1805;G5;c.RISCO ALTO;HVI3;R16;G5 - BHV;R05;0
V1805;G5;b.RISCO NEUTRO;HVI3;R16;G5 - BHV;R05;0
V1805;G5;a.RISCO BAIXO;HVI3;R16;G5 - BHV;R05;5
V1805;G5;b.RISCO NEUTRO;HVI3;R16;G5 - BHV;R06;0
V1805;G5;c.RISCO ALTO;HVI3;R16;G5 - BHV;R06;0
V1805;G5;a.RISCO BAIXO;HVI3;R16;G5 - BHV;R06;5
V1805;G5;c.RISCO ALTO;HVI3;R16;G5 - BHV;R07;0
V1805;G5;b.RISCO NEUTRO;HVI3;R16;G5 - BHV;R07;0
V1805;G5;a.RISCO BAIXO;HVI3;R16;G5 - BHV;R07;5
V1805;G5;c.RISCO ALTO;HVI3;R16;G5 - BHV;R08;0
V1805;G5;b.RISCO NEUTRO;HVI3;R16;G5 - BHV;R08;0
V1805;G5;a.RISCO BAIXO;HVI3;R16;G5 - BHV;R08;0
V1805;G5;c.RISCO ALTO;HVI3;R16;G5 - BHV;R09;0
V1805;G5;b.RISCO NEUTRO;HVI3;R16;G5 - BHV;R09;0
V1805;G5;a.RISCO BAIXO;HVI3;R16;G5 - BHV;R09;0
V1805;G5;c.RISCO ALTO;HVI3;R16;G5 - BHV;R10;0
V1805;G5;b.RISCO NEUTRO;HVI3;R16;G5 - BHV;R10;0
V1805;G5;a.RISCO BAIXO;HVI3;R16;G5 - BHV;R10;0
V1805;G5;c.RISCO ALTO;HVI3;R16;G5 - BHV;R11;0
V1805;G5;b.RISCO NEUTRO;HVI3;R16;G5 - BHV;R11;0
V1805;G5;a.RISCO BAIXO;HVI3;R16;G5 - BHV;R11;0
V1805;G5;c.RISCO ALTO;HVI3;R16;G5 - BHV;R12;0
V1805;G5;b.RISCO NEUTRO;HVI3;R16;G5 - BHV;R12;0
V1805;G5;a.RISCO BAIXO;HVI3;R16;G5 - BHV;R12;0
V1805;G5;c.RISCO ALTO;HVI3;R16;G5 - BHV;R13;0
V1805;G5;b.RISCO NEUTRO;HVI3;R16;G5 - BHV;R13;0
V1805;G5;a.RISCO BAIXO;HVI3;R16;G5 - BHV;R13;0
V1805;G5;c.RISCO ALTO;HVI3;R16;G5 - BHV;R14;0
V1805;G5;b.RISCO NEUTRO;HVI3;R16;G5 - BHV;R14;0
V1805;G5;a.RISCO BAIXO;HVI3;R16;G5 - BHV;R14;0
V1805;G5;c.RISCO ALTO;HVI3;R16;G5 - BHV;R15;0
V1805;G5;b.RISCO NEUTRO;HVI3;R16;G5 - BHV;R15;0
V1805;G5;a.RISCO BAIXO;HVI3;R16;G5 - BHV;R15;0
V1805;G5;c.RISCO ALTO;HVI3;R16;G5 - BHV;R16;0
V1805;G5;b.RISCO NEUTRO;HVI3;R16;G5 - BHV;R16;0
V1805;G5;a.RISCO BAIXO;HVI3;R16;G5 - BHV;R16;0
V1805;G5;c.RISCO ALTO;HVI3;R16;G5 - BHV;R17;0
V1805;G5;b.RISCO NEUTRO;HVI3;R16;G5 - BHV;R17;0
V1805;G5;a.RISCO BAIXO;HVI3;R16;G5 - BHV;R17;0
V1805;G5;c.RISCO ALTO;HVI3;R16;G5 - BHV;R18;0
V1805;G5;b.RISCO NEUTRO;HVI3;R16;G5 - BHV;R18;0
V1805;G5;a.RISCO BAIXO;HVI3;R16;G5 - BHV;R18;0
V1805;G5;c.RISCO ALTO;HVI3;R16;G5 - BHV;R19;0
V1805;G5;b.RISCO NEUTRO;HVI3;R16;G5 - BHV;R19;0
V1805;G5;a.RISCO BAIXO;HVI3;R16;G5 - BHV;R19;0
V1805;G5;c.RISCO ALTO;HVI3;R16;G5 - BHV;R20;0
V1805;G5;b.RISCO NEUTRO;HVI3;R16;G5 - BHV;R20;0
V1805;G5;a.RISCO BAIXO;HVI3;R16;G5 - BHV;R20;0
V1805;G5;c.RISCO ALTO;HVI3;R16;G5 - BHV;R99;0
V1805;G5;b.RISCO NEUTRO;HVI3;R16;G5 - BHV;R99;0
V1805;G5;a.RISCO BAIXO;HVI3;R16;G5 - BHV;R99;0
V1805;G5;b.RISCO NEUTRO;HVI3;R17;G5 - BHV;R01;8
V1805;G5;c.RISCO ALTO;HVI3;R17;G5 - BHV;R01;8
V1805;G5;a.RISCO BAIXO;HVI3;R17;G5 - BHV;R01;8
V1805;G5;c.RISCO ALTO;HVI3;R17;G5 - BHV;R02;8
V1805;G5;b.RISCO NEUTRO;HVI3;R17;G5 - BHV;R02;8
V1805;G5;a.RISCO BAIXO;HVI3;R17;G5 - BHV;R02;8
V1805;G5;c.RISCO ALTO;HVI3;R17;G5 - BHV;R03;5
V1805;G5;b.RISCO NEUTRO;HVI3;R17;G5 - BHV;R03;0
V1805;G5;a.RISCO BAIXO;HVI3;R17;G5 - BHV;R03;5
V1805;G5;c.RISCO ALTO;HVI3;R17;G5 - BHV;R04;0
V1805;G5;b.RISCO NEUTRO;HVI3;R17;G5 - BHV;R04;0
V1805;G5;a.RISCO BAIXO;HVI3;R17;G5 - BHV;R04;5
V1805;G5;c.RISCO ALTO;HVI3;R17;G5 - BHV;R05;0
V1805;G5;b.RISCO NEUTRO;HVI3;R17;G5 - BHV;R05;0
V1805;G5;a.RISCO BAIXO;HVI3;R17;G5 - BHV;R05;5
V1805;G5;c.RISCO ALTO;HVI3;R17;G5 - BHV;R06;0
V1805;G5;b.RISCO NEUTRO;HVI3;R17;G5 - BHV;R06;0
V1805;G5;a.RISCO BAIXO;HVI3;R17;G5 - BHV;R06;5
V1805;G5;c.RISCO ALTO;HVI3;R17;G5 - BHV;R07;0
V1805;G5;b.RISCO NEUTRO;HVI3;R17;G5 - BHV;R07;0
V1805;G5;a.RISCO BAIXO;HVI3;R17;G5 - BHV;R07;5
V1805;G5;c.RISCO ALTO;HVI3;R17;G5 - BHV;R08;0
V1805;G5;b.RISCO NEUTRO;HVI3;R17;G5 - BHV;R08;0
V1805;G5;a.RISCO BAIXO;HVI3;R17;G5 - BHV;R08;0
V1805;G5;b.RISCO NEUTRO;HVI3;R17;G5 - BHV;R09;0
V1805;G5;c.RISCO ALTO;HVI3;R17;G5 - BHV;R09;0
V1805;G5;a.RISCO BAIXO;HVI3;R17;G5 - BHV;R09;0
V1805;G5;c.RISCO ALTO;HVI3;R17;G5 - BHV;R10;0
V1805;G5;b.RISCO NEUTRO;HVI3;R17;G5 - BHV;R10;0
V1805;G5;a.RISCO BAIXO;HVI3;R17;G5 - BHV;R10;0
V1805;G5;c.RISCO ALTO;HVI3;R17;G5 - BHV;R11;0
V1805;G5;b.RISCO NEUTRO;HVI3;R17;G5 - BHV;R11;0
V1805;G5;a.RISCO BAIXO;HVI3;R17;G5 - BHV;R11;0
V1805;G5;c.RISCO ALTO;HVI3;R17;G5 - BHV;R12;0
V1805;G5;b.RISCO NEUTRO;HVI3;R17;G5 - BHV;R12;0
V1805;G5;a.RISCO BAIXO;HVI3;R17;G5 - BHV;R12;0
V1805;G5;b.RISCO NEUTRO;HVI3;R17;G5 - BHV;R13;0
V1805;G5;c.RISCO ALTO;HVI3;R17;G5 - BHV;R13;0
V1805;G5;a.RISCO BAIXO;HVI3;R17;G5 - BHV;R13;0
V1805;G5;c.RISCO ALTO;HVI3;R17;G5 - BHV;R14;0
V1805;G5;b.RISCO NEUTRO;HVI3;R17;G5 - BHV;R14;0
V1805;G5;a.RISCO BAIXO;HVI3;R17;G5 - BHV;R14;0
V1805;G5;c.RISCO ALTO;HVI3;R17;G5 - BHV;R15;0
V1805;G5;b.RISCO NEUTRO;HVI3;R17;G5 - BHV;R15;0
V1805;G5;a.RISCO BAIXO;HVI3;R17;G5 - BHV;R15;0
V1805;G5;c.RISCO ALTO;HVI3;R17;G5 - BHV;R16;0
V1805;G5;b.RISCO NEUTRO;HVI3;R17;G5 - BHV;R16;0
V1805;G5;a.RISCO BAIXO;HVI3;R17;G5 - BHV;R16;0
V1805;G5;b.RISCO NEUTRO;HVI3;R17;G5 - BHV;R17;0
V1805;G5;c.RISCO ALTO;HVI3;R17;G5 - BHV;R17;0
V1805;G5;a.RISCO BAIXO;HVI3;R17;G5 - BHV;R17;0
V1805;G5;c.RISCO ALTO;HVI3;R17;G5 - BHV;R18;0
V1805;G5;b.RISCO NEUTRO;HVI3;R17;G5 - BHV;R18;0
V1805;G5;a.RISCO BAIXO;HVI3;R17;G5 - BHV;R18;0
V1805;G5;c.RISCO ALTO;HVI3;R17;G5 - BHV;R19;0
V1805;G5;b.RISCO NEUTRO;HVI3;R17;G5 - BHV;R19;0
V1805;G5;a.RISCO BAIXO;HVI3;R17;G5 - BHV;R19;0
V1805;G5;c.RISCO ALTO;HVI3;R17;G5 - BHV;R20;0
V1805;G5;b.RISCO NEUTRO;HVI3;R17;G5 - BHV;R20;0
V1805;G5;a.RISCO BAIXO;HVI3;R17;G5 - BHV;R20;0
V1805;G5;c.RISCO ALTO;HVI3;R17;G5 - BHV;R99;0
V1805;G5;b.RISCO NEUTRO;HVI3;R17;G5 - BHV;R99;0
V1805;G5;a.RISCO BAIXO;HVI3;R17;G5 - BHV;R99;0
V1805;G5;c.RISCO ALTO;HVI3;R18;G5 - BHV;R01;8
V1805;G5;b.RISCO NEUTRO;HVI3;R18;G5 - BHV;R01;8
V1805;G5;a.RISCO BAIXO;HVI3;R18;G5 - BHV;R01;8
V1805;G5;c.RISCO ALTO;HVI3;R18;G5 - BHV;R02;8
V1805;G5;b.RISCO NEUTRO;HVI3;R18;G5 - BHV;R02;8
V1805;G5;a.RISCO BAIXO;HVI3;R18;G5 - BHV;R02;8
V1805;G5;c.RISCO ALTO;HVI3;R18;G5 - BHV;R03;0
V1805;G5;b.RISCO NEUTRO;HVI3;R18;G5 - BHV;R03;0
V1805;G5;a.RISCO BAIXO;HVI3;R18;G5 - BHV;R03;5
V1805;G5;b.RISCO NEUTRO;HVI3;R18;G5 - BHV;R04;0
V1805;G5;c.RISCO ALTO;HVI3;R18;G5 - BHV;R04;0
V1805;G5;a.RISCO BAIXO;HVI3;R18;G5 - BHV;R04;5
V1805;G5;c.RISCO ALTO;HVI3;R18;G5 - BHV;R05;0
V1805;G5;b.RISCO NEUTRO;HVI3;R18;G5 - BHV;R05;0
V1805;G5;a.RISCO BAIXO;HVI3;R18;G5 - BHV;R05;5
V1805;G5;c.RISCO ALTO;HVI3;R18;G5 - BHV;R06;0
V1805;G5;b.RISCO NEUTRO;HVI3;R18;G5 - BHV;R06;0
V1805;G5;a.RISCO BAIXO;HVI3;R18;G5 - BHV;R06;5
V1805;G5;c.RISCO ALTO;HVI3;R18;G5 - BHV;R07;0
V1805;G5;b.RISCO NEUTRO;HVI3;R18;G5 - BHV;R07;0
V1805;G5;a.RISCO BAIXO;HVI3;R18;G5 - BHV;R07;5
V1805;G5;b.RISCO NEUTRO;HVI3;R18;G5 - BHV;R08;0
V1805;G5;c.RISCO ALTO;HVI3;R18;G5 - BHV;R08;0
V1805;G5;a.RISCO BAIXO;HVI3;R18;G5 - BHV;R08;0
V1805;G5;c.RISCO ALTO;HVI3;R18;G5 - BHV;R09;0
V1805;G5;b.RISCO NEUTRO;HVI3;R18;G5 - BHV;R09;0
V1805;G5;a.RISCO BAIXO;HVI3;R18;G5 - BHV;R09;0
V1805;G5;c.RISCO ALTO;HVI3;R18;G5 - BHV;R10;0
V1805;G5;b.RISCO NEUTRO;HVI3;R18;G5 - BHV;R10;0
V1805;G5;a.RISCO BAIXO;HVI3;R18;G5 - BHV;R10;0
V1805;G5;c.RISCO ALTO;HVI3;R18;G5 - BHV;R11;0
V1805;G5;b.RISCO NEUTRO;HVI3;R18;G5 - BHV;R11;0
V1805;G5;a.RISCO BAIXO;HVI3;R18;G5 - BHV;R11;0
V1805;G5;c.RISCO ALTO;HVI3;R18;G5 - BHV;R12;0
V1805;G5;b.RISCO NEUTRO;HVI3;R18;G5 - BHV;R12;0
V1805;G5;a.RISCO BAIXO;HVI3;R18;G5 - BHV;R12;0
V1805;G5;c.RISCO ALTO;HVI3;R18;G5 - BHV;R13;0
V1805;G5;b.RISCO NEUTRO;HVI3;R18;G5 - BHV;R13;0
V1805;G5;a.RISCO BAIXO;HVI3;R18;G5 - BHV;R13;0
V1805;G5;c.RISCO ALTO;HVI3;R18;G5 - BHV;R14;0
V1805;G5;b.RISCO NEUTRO;HVI3;R18;G5 - BHV;R14;0
V1805;G5;a.RISCO BAIXO;HVI3;R18;G5 - BHV;R14;0
V1805;G5;c.RISCO ALTO;HVI3;R18;G5 - BHV;R15;0
V1805;G5;b.RISCO NEUTRO;HVI3;R18;G5 - BHV;R15;0
V1805;G5;a.RISCO BAIXO;HVI3;R18;G5 - BHV;R15;0
V1805;G5;c.RISCO ALTO;HVI3;R18;G5 - BHV;R16;0
V1805;G5;b.RISCO NEUTRO;HVI3;R18;G5 - BHV;R16;0
V1805;G5;a.RISCO BAIXO;HVI3;R18;G5 - BHV;R16;0
V1805;G5;c.RISCO ALTO;HVI3;R18;G5 - BHV;R17;0
V1805;G5;b.RISCO NEUTRO;HVI3;R18;G5 - BHV;R17;0
V1805;G5;a.RISCO BAIXO;HVI3;R18;G5 - BHV;R17;0
V1805;G5;c.RISCO ALTO;HVI3;R18;G5 - BHV;R18;0
V1805;G5;b.RISCO NEUTRO;HVI3;R18;G5 - BHV;R18;0
V1805;G5;a.RISCO BAIXO;HVI3;R18;G5 - BHV;R18;0
V1805;G5;c.RISCO ALTO;HVI3;R18;G5 - BHV;R19;0
V1805;G5;b.RISCO NEUTRO;HVI3;R18;G5 - BHV;R19;0
V1805;G5;a.RISCO BAIXO;HVI3;R18;G5 - BHV;R19;0
V1805;G5;c.RISCO ALTO;HVI3;R18;G5 - BHV;R20;0
V1805;G5;b.RISCO NEUTRO;HVI3;R18;G5 - BHV;R20;0
V1805;G5;a.RISCO BAIXO;HVI3;R18;G5 - BHV;R20;0
V1805;G5;c.RISCO ALTO;HVI3;R18;G5 - BHV;R99;0
V1805;G5;b.RISCO NEUTRO;HVI3;R18;G5 - BHV;R99;0
V1805;G5;a.RISCO BAIXO;HVI3;R18;G5 - BHV;R99;0
V1805;G5;c.RISCO ALTO;HVI3;R19;G5 - BHV;R01;8
V1805;G5;b.RISCO NEUTRO;HVI3;R19;G5 - BHV;R01;8
V1805;G5;a.RISCO BAIXO;HVI3;R19;G5 - BHV;R01;8
V1805;G5;c.RISCO ALTO;HVI3;R19;G5 - BHV;R02;8
V1805;G5;b.RISCO NEUTRO;HVI3;R19;G5 - BHV;R02;8
V1805;G5;a.RISCO BAIXO;HVI3;R19;G5 - BHV;R02;8
V1805;G5;c.RISCO ALTO;HVI3;R19;G5 - BHV;R03;0
V1805;G5;b.RISCO NEUTRO;HVI3;R19;G5 - BHV;R03;0
V1805;G5;a.RISCO BAIXO;HVI3;R19;G5 - BHV;R03;5
V1805;G5;c.RISCO ALTO;HVI3;R19;G5 - BHV;R04;0
V1805;G5;b.RISCO NEUTRO;HVI3;R19;G5 - BHV;R04;0
V1805;G5;a.RISCO BAIXO;HVI3;R19;G5 - BHV;R04;5
V1805;G5;c.RISCO ALTO;HVI3;R19;G5 - BHV;R05;0
V1805;G5;b.RISCO NEUTRO;HVI3;R19;G5 - BHV;R05;0
V1805;G5;a.RISCO BAIXO;HVI3;R19;G5 - BHV;R05;5
V1805;G5;c.RISCO ALTO;HVI3;R19;G5 - BHV;R06;0
V1805;G5;b.RISCO NEUTRO;HVI3;R19;G5 - BHV;R06;0
V1805;G5;a.RISCO BAIXO;HVI3;R19;G5 - BHV;R06;5
V1805;G5;c.RISCO ALTO;HVI3;R19;G5 - BHV;R07;0
V1805;G5;b.RISCO NEUTRO;HVI3;R19;G5 - BHV;R07;0
V1805;G5;a.RISCO BAIXO;HVI3;R19;G5 - BHV;R07;5
V1805;G5;c.RISCO ALTO;HVI3;R19;G5 - BHV;R08;0
V1805;G5;b.RISCO NEUTRO;HVI3;R19;G5 - BHV;R08;0
V1805;G5;a.RISCO BAIXO;HVI3;R19;G5 - BHV;R08;0
V1805;G5;c.RISCO ALTO;HVI3;R19;G5 - BHV;R09;0
V1805;G5;b.RISCO NEUTRO;HVI3;R19;G5 - BHV;R09;0
V1805;G5;a.RISCO BAIXO;HVI3;R19;G5 - BHV;R09;0
V1805;G5;c.RISCO ALTO;HVI3;R19;G5 - BHV;R10;0
V1805;G5;b.RISCO NEUTRO;HVI3;R19;G5 - BHV;R10;0
V1805;G5;a.RISCO BAIXO;HVI3;R19;G5 - BHV;R10;0
V1805;G5;c.RISCO ALTO;HVI3;R19;G5 - BHV;R11;0
V1805;G5;b.RISCO NEUTRO;HVI3;R19;G5 - BHV;R11;0
V1805;G5;a.RISCO BAIXO;HVI3;R19;G5 - BHV;R11;0
V1805;G5;c.RISCO ALTO;HVI3;R19;G5 - BHV;R12;0
V1805;G5;b.RISCO NEUTRO;HVI3;R19;G5 - BHV;R12;0
V1805;G5;a.RISCO BAIXO;HVI3;R19;G5 - BHV;R12;0
V1805;G5;c.RISCO ALTO;HVI3;R19;G5 - BHV;R13;0
V1805;G5;b.RISCO NEUTRO;HVI3;R19;G5 - BHV;R13;0
V1805;G5;a.RISCO BAIXO;HVI3;R19;G5 - BHV;R13;0
V1805;G5;c.RISCO ALTO;HVI3;R19;G5 - BHV;R14;0
V1805;G5;b.RISCO NEUTRO;HVI3;R19;G5 - BHV;R14;0
V1805;G5;a.RISCO BAIXO;HVI3;R19;G5 - BHV;R14;0
V1805;G5;c.RISCO ALTO;HVI3;R19;G5 - BHV;R15;0
V1805;G5;b.RISCO NEUTRO;HVI3;R19;G5 - BHV;R15;0
V1805;G5;a.RISCO BAIXO;HVI3;R19;G5 - BHV;R15;0
V1805;G5;c.RISCO ALTO;HVI3;R19;G5 - BHV;R16;0
V1805;G5;b.RISCO NEUTRO;HVI3;R19;G5 - BHV;R16;0
V1805;G5;a.RISCO BAIXO;HVI3;R19;G5 - BHV;R16;0
V1805;G5;c.RISCO ALTO;HVI3;R19;G5 - BHV;R17;0
V1805;G5;b.RISCO NEUTRO;HVI3;R19;G5 - BHV;R17;0
V1805;G5;a.RISCO BAIXO;HVI3;R19;G5 - BHV;R17;0
V1805;G5;c.RISCO ALTO;HVI3;R19;G5 - BHV;R18;0
V1805;G5;b.RISCO NEUTRO;HVI3;R19;G5 - BHV;R18;0
V1805;G5;a.RISCO BAIXO;HVI3;R19;G5 - BHV;R18;0
V1805;G5;b.RISCO NEUTRO;HVI3;R19;G5 - BHV;R19;0
V1805;G5;c.RISCO ALTO;HVI3;R19;G5 - BHV;R19;0
V1805;G5;a.RISCO BAIXO;HVI3;R19;G5 - BHV;R19;0
V1805;G5;c.RISCO ALTO;HVI3;R19;G5 - BHV;R20;0
V1805;G5;b.RISCO NEUTRO;HVI3;R19;G5 - BHV;R20;0
V1805;G5;a.RISCO BAIXO;HVI3;R19;G5 - BHV;R20;0
V1805;G5;c.RISCO ALTO;HVI3;R19;G5 - BHV;R99;0
V1805;G5;b.RISCO NEUTRO;HVI3;R19;G5 - BHV;R99;0
V1805;G5;a.RISCO BAIXO;HVI3;R19;G5 - BHV;R99;0
V1805;G5;c.RISCO ALTO;HVI3;R20;G5 - BHV;R01;8
V1805;G5;b.RISCO NEUTRO;HVI3;R20;G5 - BHV;R01;8
V1805;G5;a.RISCO BAIXO;HVI3;R20;G5 - BHV;R01;8
V1805;G5;b.RISCO NEUTRO;HVI3;R20;G5 - BHV;R02;8
V1805;G5;c.RISCO ALTO;HVI3;R20;G5 - BHV;R02;8
V1805;G5;a.RISCO BAIXO;HVI3;R20;G5 - BHV;R02;8
V1805;G5;c.RISCO ALTO;HVI3;R20;G5 - BHV;R03;0
V1805;G5;b.RISCO NEUTRO;HVI3;R20;G5 - BHV;R03;0
V1805;G5;a.RISCO BAIXO;HVI3;R20;G5 - BHV;R03;5
V1805;G5;c.RISCO ALTO;HVI3;R20;G5 - BHV;R04;0
V1805;G5;b.RISCO NEUTRO;HVI3;R20;G5 - BHV;R04;0
V1805;G5;a.RISCO BAIXO;HVI3;R20;G5 - BHV;R04;5
V1805;G5;c.RISCO ALTO;HVI3;R20;G5 - BHV;R05;0
V1805;G5;b.RISCO NEUTRO;HVI3;R20;G5 - BHV;R05;0
V1805;G5;a.RISCO BAIXO;HVI3;R20;G5 - BHV;R05;5
V1805;G5;c.RISCO ALTO;HVI3;R20;G5 - BHV;R06;0
V1805;G5;b.RISCO NEUTRO;HVI3;R20;G5 - BHV;R06;0
V1805;G5;a.RISCO BAIXO;HVI3;R20;G5 - BHV;R06;5
V1805;G5;c.RISCO ALTO;HVI3;R20;G5 - BHV;R07;0
V1805;G5;b.RISCO NEUTRO;HVI3;R20;G5 - BHV;R07;0
V1805;G5;a.RISCO BAIXO;HVI3;R20;G5 - BHV;R07;5
V1805;G5;c.RISCO ALTO;HVI3;R20;G5 - BHV;R08;0
V1805;G5;b.RISCO NEUTRO;HVI3;R20;G5 - BHV;R08;0
V1805;G5;a.RISCO BAIXO;HVI3;R20;G5 - BHV;R08;0
V1805;G5;c.RISCO ALTO;HVI3;R20;G5 - BHV;R09;0
V1805;G5;b.RISCO NEUTRO;HVI3;R20;G5 - BHV;R09;0
V1805;G5;a.RISCO BAIXO;HVI3;R20;G5 - BHV;R09;0
V1805;G5;c.RISCO ALTO;HVI3;R20;G5 - BHV;R10;0
V1805;G5;b.RISCO NEUTRO;HVI3;R20;G5 - BHV;R10;0
V1805;G5;a.RISCO BAIXO;HVI3;R20;G5 - BHV;R10;0
V1805;G5;c.RISCO ALTO;HVI3;R20;G5 - BHV;R11;0
V1805;G5;b.RISCO NEUTRO;HVI3;R20;G5 - BHV;R11;0
V1805;G5;a.RISCO BAIXO;HVI3;R20;G5 - BHV;R11;0
V1805;G5;c.RISCO ALTO;HVI3;R20;G5 - BHV;R12;0
V1805;G5;b.RISCO NEUTRO;HVI3;R20;G5 - BHV;R12;0
V1805;G5;a.RISCO BAIXO;HVI3;R20;G5 - BHV;R12;0
V1805;G5;c.RISCO ALTO;HVI3;R20;G5 - BHV;R13;0
V1805;G5;b.RISCO NEUTRO;HVI3;R20;G5 - BHV;R13;0
V1805;G5;a.RISCO BAIXO;HVI3;R20;G5 - BHV;R13;0
V1805;G5;c.RISCO ALTO;HVI3;R20;G5 - BHV;R14;0
V1805;G5;b.RISCO NEUTRO;HVI3;R20;G5 - BHV;R14;0
V1805;G5;a.RISCO BAIXO;HVI3;R20;G5 - BHV;R14;0
V1805;G5;c.RISCO ALTO;HVI3;R20;G5 - BHV;R15;0
V1805;G5;b.RISCO NEUTRO;HVI3;R20;G5 - BHV;R15;0
V1805;G5;a.RISCO BAIXO;HVI3;R20;G5 - BHV;R15;0
V1805;G5;c.RISCO ALTO;HVI3;R20;G5 - BHV;R16;0
V1805;G5;b.RISCO NEUTRO;HVI3;R20;G5 - BHV;R16;0
V1805;G5;a.RISCO BAIXO;HVI3;R20;G5 - BHV;R16;0
V1805;G5;c.RISCO ALTO;HVI3;R20;G5 - BHV;R17;0
V1805;G5;b.RISCO NEUTRO;HVI3;R20;G5 - BHV;R17;0
V1805;G5;a.RISCO BAIXO;HVI3;R20;G5 - BHV;R17;0
V1805;G5;c.RISCO ALTO;HVI3;R20;G5 - BHV;R18;0
V1805;G5;b.RISCO NEUTRO;HVI3;R20;G5 - BHV;R18;0
V1805;G5;a.RISCO BAIXO;HVI3;R20;G5 - BHV;R18;0
V1805;G5;c.RISCO ALTO;HVI3;R20;G5 - BHV;R19;0
V1805;G5;b.RISCO NEUTRO;HVI3;R20;G5 - BHV;R19;0
V1805;G5;a.RISCO BAIXO;HVI3;R20;G5 - BHV;R19;0
V1805;G5;c.RISCO ALTO;HVI3;R20;G5 - BHV;R20;0
V1805;G5;b.RISCO NEUTRO;HVI3;R20;G5 - BHV;R20;0
V1805;G5;a.RISCO BAIXO;HVI3;R20;G5 - BHV;R20;0
V1805;G5;c.RISCO ALTO;HVI3;R20;G5 - BHV;R99;0
V1805;G5;b.RISCO NEUTRO;HVI3;R20;G5 - BHV;R99;0
V1805;G5;a.RISCO BAIXO;HVI3;R20;G5 - BHV;R99;0
V1805;G5;c.RISCO ALTO;HVI3;R99;G5 - BHV;R01;0
V1805;G5;b.RISCO NEUTRO;HVI3;R99;G5 - BHV;R01;0
V1805;G5;a.RISCO BAIXO;HVI3;R99;G5 - BHV;R01;0
V1805;G5;c.RISCO ALTO;HVI3;R99;G5 - BHV;R02;0
V1805;G5;b.RISCO NEUTRO;HVI3;R99;G5 - BHV;R02;0
V1805;G5;a.RISCO BAIXO;HVI3;R99;G5 - BHV;R02;0
V1805;G5;c.RISCO ALTO;HVI3;R99;G5 - BHV;R03;0
V1805;G5;b.RISCO NEUTRO;HVI3;R99;G5 - BHV;R03;0
V1805;G5;a.RISCO BAIXO;HVI3;R99;G5 - BHV;R03;0
V1805;G5;c.RISCO ALTO;HVI3;R99;G5 - BHV;R04;0
V1805;G5;b.RISCO NEUTRO;HVI3;R99;G5 - BHV;R04;0
V1805;G5;a.RISCO BAIXO;HVI3;R99;G5 - BHV;R04;0
V1805;G5;c.RISCO ALTO;HVI3;R99;G5 - BHV;R05;0
V1805;G5;b.RISCO NEUTRO;HVI3;R99;G5 - BHV;R05;0
V1805;G5;a.RISCO BAIXO;HVI3;R99;G5 - BHV;R05;0
V1805;G5;c.RISCO ALTO;HVI3;R99;G5 - BHV;R06;0
V1805;G5;b.RISCO NEUTRO;HVI3;R99;G5 - BHV;R06;0
V1805;G5;a.RISCO BAIXO;HVI3;R99;G5 - BHV;R06;0
V1805;G5;c.RISCO ALTO;HVI3;R99;G5 - BHV;R07;0
V1805;G5;b.RISCO NEUTRO;HVI3;R99;G5 - BHV;R07;0
V1805;G5;a.RISCO BAIXO;HVI3;R99;G5 - BHV;R07;0
V1805;G5;c.RISCO ALTO;HVI3;R99;G5 - BHV;R08;0
V1805;G5;b.RISCO NEUTRO;HVI3;R99;G5 - BHV;R08;0
V1805;G5;a.RISCO BAIXO;HVI3;R99;G5 - BHV;R08;0
V1805;G5;c.RISCO ALTO;HVI3;R99;G5 - BHV;R09;0
V1805;G5;b.RISCO NEUTRO;HVI3;R99;G5 - BHV;R09;0
V1805;G5;a.RISCO BAIXO;HVI3;R99;G5 - BHV;R09;0
V1805;G5;c.RISCO ALTO;HVI3;R99;G5 - BHV;R10;0
V1805;G5;b.RISCO NEUTRO;HVI3;R99;G5 - BHV;R10;0
V1805;G5;a.RISCO BAIXO;HVI3;R99;G5 - BHV;R10;0
V1805;G5;c.RISCO ALTO;HVI3;R99;G5 - BHV;R11;0
V1805;G5;b.RISCO NEUTRO;HVI3;R99;G5 - BHV;R11;0
V1805;G5;a.RISCO BAIXO;HVI3;R99;G5 - BHV;R11;0
V1805;G5;c.RISCO ALTO;HVI3;R99;G5 - BHV;R12;0
V1805;G5;b.RISCO NEUTRO;HVI3;R99;G5 - BHV;R12;0
V1805;G5;a.RISCO BAIXO;HVI3;R99;G5 - BHV;R12;0
V1805;G5;c.RISCO ALTO;HVI3;R99;G5 - BHV;R13;0
V1805;G5;b.RISCO NEUTRO;HVI3;R99;G5 - BHV;R13;0
V1805;G5;a.RISCO BAIXO;HVI3;R99;G5 - BHV;R13;0
V1805;G5;c.RISCO ALTO;HVI3;R99;G5 - BHV;R14;0
V1805;G5;b.RISCO NEUTRO;HVI3;R99;G5 - BHV;R14;0
V1805;G5;a.RISCO BAIXO;HVI3;R99;G5 - BHV;R14;0
V1805;G5;c.RISCO ALTO;HVI3;R99;G5 - BHV;R15;0
V1805;G5;b.RISCO NEUTRO;HVI3;R99;G5 - BHV;R15;0
V1805;G5;a.RISCO BAIXO;HVI3;R99;G5 - BHV;R15;0
V1805;G5;c.RISCO ALTO;HVI3;R99;G5 - BHV;R16;0
V1805;G5;b.RISCO NEUTRO;HVI3;R99;G5 - BHV;R16;0
V1805;G5;a.RISCO BAIXO;HVI3;R99;G5 - BHV;R16;0
V1805;G5;c.RISCO ALTO;HVI3;R99;G5 - BHV;R17;0
V1805;G5;b.RISCO NEUTRO;HVI3;R99;G5 - BHV;R17;0
V1805;G5;a.RISCO BAIXO;HVI3;R99;G5 - BHV;R17;0
V1805;G5;c.RISCO ALTO;HVI3;R99;G5 - BHV;R18;0
V1805;G5;b.RISCO NEUTRO;HVI3;R99;G5 - BHV;R18;0
V1805;G5;a.RISCO BAIXO;HVI3;R99;G5 - BHV;R18;0
V1805;G5;c.RISCO ALTO;HVI3;R99;G5 - BHV;R19;0
V1805;G5;b.RISCO NEUTRO;HVI3;R99;G5 - BHV;R19;0
V1805;G5;a.RISCO BAIXO;HVI3;R99;G5 - BHV;R19;0
V1805;G5;c.RISCO ALTO;HVI3;R99;G5 - BHV;R20;0
V1805;G5;b.RISCO NEUTRO;HVI3;R99;G5 - BHV;R20;0
V1805;G5;a.RISCO BAIXO;HVI3;R99;G5 - BHV;R20;0
V1805;G5;c.RISCO ALTO;HVI3;R99;G5 - BHV;R99;0
V1805;G5;b.RISCO NEUTRO;HVI3;R99;G5 - BHV;R99;0
V1805;G5;a.RISCO BAIXO;HVI3;R99;G5 - BHV;R99;0
V1805;G6;a.RISCO BAIXO;HVI3;R01;HVI4;R01;8
V1805;G6;c.RISCO ALTO;HVI3;R01;HVI4;R01;8
V1805;G6;b.RISCO NEUTRO;HVI3;R01;HVI4;R01;8
V1805;G6;a.RISCO BAIXO;HVI3;R01;HVI4;R02;8
V1805;G6;c.RISCO ALTO;HVI3;R01;HVI4;R02;8
V1805;G6;b.RISCO NEUTRO;HVI3;R01;HVI4;R02;8
V1805;G6;a.RISCO BAIXO;HVI3;R01;HVI4;R03;8
V1805;G6;c.RISCO ALTO;HVI3;R01;HVI4;R03;8
V1805;G6;b.RISCO NEUTRO;HVI3;R01;HVI4;R03;8
V1805;G6;a.RISCO BAIXO;HVI3;R01;HVI4;R04;8
V1805;G6;c.RISCO ALTO;HVI3;R01;HVI4;R04;8
V1805;G6;b.RISCO NEUTRO;HVI3;R01;HVI4;R04;8
V1805;G6;a.RISCO BAIXO;HVI3;R01;HVI4;R05;8
V1805;G6;c.RISCO ALTO;HVI3;R01;HVI4;R05;8
V1805;G6;b.RISCO NEUTRO;HVI3;R01;HVI4;R05;8
V1805;G6;a.RISCO BAIXO;HVI3;R01;HVI4;R06;8
V1805;G6;c.RISCO ALTO;HVI3;R01;HVI4;R06;8
V1805;G6;b.RISCO NEUTRO;HVI3;R01;HVI4;R06;8
V1805;G6;a.RISCO BAIXO;HVI3;R01;HVI4;R07;8
V1805;G6;c.RISCO ALTO;HVI3;R01;HVI4;R07;8
V1805;G6;b.RISCO NEUTRO;HVI3;R01;HVI4;R07;8
V1805;G6;a.RISCO BAIXO;HVI3;R01;HVI4;R08;8
V1805;G6;c.RISCO ALTO;HVI3;R01;HVI4;R08;8
V1805;G6;b.RISCO NEUTRO;HVI3;R01;HVI4;R08;8
V1805;G6;a.RISCO BAIXO;HVI3;R01;HVI4;R09;8
V1805;G6;c.RISCO ALTO;HVI3;R01;HVI4;R09;8
V1805;G6;b.RISCO NEUTRO;HVI3;R01;HVI4;R09;8
V1805;G6;a.RISCO BAIXO;HVI3;R01;HVI4;R10;8
V1805;G6;c.RISCO ALTO;HVI3;R01;HVI4;R10;8
V1805;G6;b.RISCO NEUTRO;HVI3;R01;HVI4;R10;8
V1805;G6;a.RISCO BAIXO;HVI3;R01;HVI4;R11;8
V1805;G6;c.RISCO ALTO;HVI3;R01;HVI4;R11;8
V1805;G6;b.RISCO NEUTRO;HVI3;R01;HVI4;R11;8
V1805;G6;a.RISCO BAIXO;HVI3;R01;HVI4;R12;8
V1805;G6;c.RISCO ALTO;HVI3;R01;HVI4;R12;8
V1805;G6;b.RISCO NEUTRO;HVI3;R01;HVI4;R12;8
V1805;G6;a.RISCO BAIXO;HVI3;R01;HVI4;R13;8
V1805;G6;c.RISCO ALTO;HVI3;R01;HVI4;R13;8
V1805;G6;b.RISCO NEUTRO;HVI3;R01;HVI4;R13;8
V1805;G6;a.RISCO BAIXO;HVI3;R01;HVI4;R14;8
V1805;G6;c.RISCO ALTO;HVI3;R01;HVI4;R14;8
V1805;G6;b.RISCO NEUTRO;HVI3;R01;HVI4;R14;8
V1805;G6;a.RISCO BAIXO;HVI3;R01;HVI4;R15;8
V1805;G6;c.RISCO ALTO;HVI3;R01;HVI4;R15;8
V1805;G6;b.RISCO NEUTRO;HVI3;R01;HVI4;R15;8
V1805;G6;a.RISCO BAIXO;HVI3;R01;HVI4;R16;8
V1805;G6;c.RISCO ALTO;HVI3;R01;HVI4;R16;8
V1805;G6;b.RISCO NEUTRO;HVI3;R01;HVI4;R16;8
V1805;G6;a.RISCO BAIXO;HVI3;R01;HVI4;R17;8
V1805;G6;c.RISCO ALTO;HVI3;R01;HVI4;R17;8
V1805;G6;b.RISCO NEUTRO;HVI3;R01;HVI4;R17;8
V1805;G6;a.RISCO BAIXO;HVI3;R01;HVI4;R18;8
V1805;G6;c.RISCO ALTO;HVI3;R01;HVI4;R18;8
V1805;G6;b.RISCO NEUTRO;HVI3;R01;HVI4;R18;8
V1805;G6;a.RISCO BAIXO;HVI3;R01;HVI4;R19;8
V1805;G6;c.RISCO ALTO;HVI3;R01;HVI4;R19;8
V1805;G6;b.RISCO NEUTRO;HVI3;R01;HVI4;R19;8
V1805;G6;a.RISCO BAIXO;HVI3;R01;HVI4;R20;8
V1805;G6;c.RISCO ALTO;HVI3;R01;HVI4;R20;8
V1805;G6;b.RISCO NEUTRO;HVI3;R01;HVI4;R20;8
V1805;G6;a.RISCO BAIXO;HVI3;R01;HVI4;R99;8
V1805;G6;c.RISCO ALTO;HVI3;R01;HVI4;R99;8
V1805;G6;b.RISCO NEUTRO;HVI3;R01;HVI4;R99;8
V1805;G6;a.RISCO BAIXO;HVI3;R02;HVI4;R01;8
V1805;G6;b.RISCO NEUTRO;HVI3;R02;HVI4;R01;8
V1805;G6;c.RISCO ALTO;HVI3;R02;HVI4;R01;8
V1805;G6;a.RISCO BAIXO;HVI3;R02;HVI4;R02;8
V1805;G6;b.RISCO NEUTRO;HVI3;R02;HVI4;R02;8
V1805;G6;c.RISCO ALTO;HVI3;R02;HVI4;R02;8
V1805;G6;a.RISCO BAIXO;HVI3;R02;HVI4;R03;8
V1805;G6;c.RISCO ALTO;HVI3;R02;HVI4;R03;8
V1805;G6;b.RISCO NEUTRO;HVI3;R02;HVI4;R03;8
V1805;G6;a.RISCO BAIXO;HVI3;R02;HVI4;R04;8
V1805;G6;c.RISCO ALTO;HVI3;R02;HVI4;R04;8
V1805;G6;b.RISCO NEUTRO;HVI3;R02;HVI4;R04;8
V1805;G6;a.RISCO BAIXO;HVI3;R02;HVI4;R05;8
V1805;G6;c.RISCO ALTO;HVI3;R02;HVI4;R05;8
V1805;G6;b.RISCO NEUTRO;HVI3;R02;HVI4;R05;8
V1805;G6;a.RISCO BAIXO;HVI3;R02;HVI4;R06;8
V1805;G6;c.RISCO ALTO;HVI3;R02;HVI4;R06;8
V1805;G6;b.RISCO NEUTRO;HVI3;R02;HVI4;R06;8
V1805;G6;a.RISCO BAIXO;HVI3;R02;HVI4;R07;8
V1805;G6;c.RISCO ALTO;HVI3;R02;HVI4;R07;8
V1805;G6;b.RISCO NEUTRO;HVI3;R02;HVI4;R07;8
V1805;G6;a.RISCO BAIXO;HVI3;R02;HVI4;R08;8
V1805;G6;c.RISCO ALTO;HVI3;R02;HVI4;R08;8
V1805;G6;b.RISCO NEUTRO;HVI3;R02;HVI4;R08;8
V1805;G6;a.RISCO BAIXO;HVI3;R02;HVI4;R09;8
V1805;G6;c.RISCO ALTO;HVI3;R02;HVI4;R09;8
V1805;G6;b.RISCO NEUTRO;HVI3;R02;HVI4;R09;8
V1805;G6;a.RISCO BAIXO;HVI3;R02;HVI4;R10;8
V1805;G6;c.RISCO ALTO;HVI3;R02;HVI4;R10;8
V1805;G6;b.RISCO NEUTRO;HVI3;R02;HVI4;R10;8
V1805;G6;a.RISCO BAIXO;HVI3;R02;HVI4;R11;8
V1805;G6;c.RISCO ALTO;HVI3;R02;HVI4;R11;8
V1805;G6;b.RISCO NEUTRO;HVI3;R02;HVI4;R11;8
V1805;G6;a.RISCO BAIXO;HVI3;R02;HVI4;R12;8
V1805;G6;c.RISCO ALTO;HVI3;R02;HVI4;R12;8
V1805;G6;b.RISCO NEUTRO;HVI3;R02;HVI4;R12;8
V1805;G6;a.RISCO BAIXO;HVI3;R02;HVI4;R13;8
V1805;G6;b.RISCO NEUTRO;HVI3;R02;HVI4;R13;8
V1805;G6;c.RISCO ALTO;HVI3;R02;HVI4;R13;8
V1805;G6;a.RISCO BAIXO;HVI3;R02;HVI4;R14;8
V1805;G6;c.RISCO ALTO;HVI3;R02;HVI4;R14;8
V1805;G6;b.RISCO NEUTRO;HVI3;R02;HVI4;R14;8
V1805;G6;a.RISCO BAIXO;HVI3;R02;HVI4;R15;8
V1805;G6;c.RISCO ALTO;HVI3;R02;HVI4;R15;8
V1805;G6;b.RISCO NEUTRO;HVI3;R02;HVI4;R15;8
V1805;G6;a.RISCO BAIXO;HVI3;R02;HVI4;R16;8
V1805;G6;c.RISCO ALTO;HVI3;R02;HVI4;R16;8
V1805;G6;b.RISCO NEUTRO;HVI3;R02;HVI4;R16;8
V1805;G6;a.RISCO BAIXO;HVI3;R02;HVI4;R17;8
V1805;G6;c.RISCO ALTO;HVI3;R02;HVI4;R17;8
V1805;G6;b.RISCO NEUTRO;HVI3;R02;HVI4;R17;8
V1805;G6;a.RISCO BAIXO;HVI3;R02;HVI4;R18;8
V1805;G6;c.RISCO ALTO;HVI3;R02;HVI4;R18;8
V1805;G6;b.RISCO NEUTRO;HVI3;R02;HVI4;R18;8
V1805;G6;a.RISCO BAIXO;HVI3;R02;HVI4;R19;8
V1805;G6;c.RISCO ALTO;HVI3;R02;HVI4;R19;8
V1805;G6;b.RISCO NEUTRO;HVI3;R02;HVI4;R19;8
V1805;G6;a.RISCO BAIXO;HVI3;R02;HVI4;R20;8
V1805;G6;c.RISCO ALTO;HVI3;R02;HVI4;R20;8
V1805;G6;b.RISCO NEUTRO;HVI3;R02;HVI4;R20;8
V1805;G6;a.RISCO BAIXO;HVI3;R02;HVI4;R99;8
V1805;G6;c.RISCO ALTO;HVI3;R02;HVI4;R99;8
V1805;G6;b.RISCO NEUTRO;HVI3;R02;HVI4;R99;8
V1805;G6;a.RISCO BAIXO;HVI3;R03;HVI4;R01;8
V1805;G6;c.RISCO ALTO;HVI3;R03;HVI4;R01;8
V1805;G6;b.RISCO NEUTRO;HVI3;R03;HVI4;R01;8
V1805;G6;a.RISCO BAIXO;HVI3;R03;HVI4;R02;8
V1805;G6;c.RISCO ALTO;HVI3;R03;HVI4;R02;8
V1805;G6;b.RISCO NEUTRO;HVI3;R03;HVI4;R02;8
V1805;G6;a.RISCO BAIXO;HVI3;R03;HVI4;R03;8
V1805;G6;c.RISCO ALTO;HVI3;R03;HVI4;R03;8
V1805;G6;b.RISCO NEUTRO;HVI3;R03;HVI4;R03;8
V1805;G6;a.RISCO BAIXO;HVI3;R03;HVI4;R04;8
V1805;G6;b.RISCO NEUTRO;HVI3;R03;HVI4;R04;8
V1805;G6;c.RISCO ALTO;HVI3;R03;HVI4;R04;8
V1805;G6;a.RISCO BAIXO;HVI3;R03;HVI4;R05;8
V1805;G6;c.RISCO ALTO;HVI3;R03;HVI4;R05;8
V1805;G6;b.RISCO NEUTRO;HVI3;R03;HVI4;R05;8
V1805;G6;a.RISCO BAIXO;HVI3;R03;HVI4;R06;8
V1805;G6;c.RISCO ALTO;HVI3;R03;HVI4;R06;8
V1805;G6;b.RISCO NEUTRO;HVI3;R03;HVI4;R06;8
V1805;G6;a.RISCO BAIXO;HVI3;R03;HVI4;R07;8
V1805;G6;c.RISCO ALTO;HVI3;R03;HVI4;R07;8
V1805;G6;b.RISCO NEUTRO;HVI3;R03;HVI4;R07;8
V1805;G6;a.RISCO BAIXO;HVI3;R03;HVI4;R08;8
V1805;G6;b.RISCO NEUTRO;HVI3;R03;HVI4;R08;8
V1805;G6;c.RISCO ALTO;HVI3;R03;HVI4;R08;8
V1805;G6;a.RISCO BAIXO;HVI3;R03;HVI4;R09;8
V1805;G6;c.RISCO ALTO;HVI3;R03;HVI4;R09;8
V1805;G6;b.RISCO NEUTRO;HVI3;R03;HVI4;R09;8
V1805;G6;a.RISCO BAIXO;HVI3;R03;HVI4;R10;8
V1805;G6;c.RISCO ALTO;HVI3;R03;HVI4;R10;8
V1805;G6;b.RISCO NEUTRO;HVI3;R03;HVI4;R10;8
V1805;G6;a.RISCO BAIXO;HVI3;R03;HVI4;R11;8
V1805;G6;c.RISCO ALTO;HVI3;R03;HVI4;R11;8
V1805;G6;b.RISCO NEUTRO;HVI3;R03;HVI4;R11;8
V1805;G6;a.RISCO BAIXO;HVI3;R03;HVI4;R12;8
V1805;G6;c.RISCO ALTO;HVI3;R03;HVI4;R12;8
V1805;G6;b.RISCO NEUTRO;HVI3;R03;HVI4;R12;8
V1805;G6;a.RISCO BAIXO;HVI3;R03;HVI4;R13;8
V1805;G6;c.RISCO ALTO;HVI3;R03;HVI4;R13;8
V1805;G6;b.RISCO NEUTRO;HVI3;R03;HVI4;R13;8
V1805;G6;a.RISCO BAIXO;HVI3;R03;HVI4;R14;8
V1805;G6;c.RISCO ALTO;HVI3;R03;HVI4;R14;8
V1805;G6;b.RISCO NEUTRO;HVI3;R03;HVI4;R14;8
V1805;G6;a.RISCO BAIXO;HVI3;R03;HVI4;R15;8
V1805;G6;c.RISCO ALTO;HVI3;R03;HVI4;R15;8
V1805;G6;b.RISCO NEUTRO;HVI3;R03;HVI4;R15;8
V1805;G6;a.RISCO BAIXO;HVI3;R03;HVI4;R16;8
V1805;G6;c.RISCO ALTO;HVI3;R03;HVI4;R16;8
V1805;G6;b.RISCO NEUTRO;HVI3;R03;HVI4;R16;8
V1805;G6;a.RISCO BAIXO;HVI3;R03;HVI4;R17;8
V1805;G6;c.RISCO ALTO;HVI3;R03;HVI4;R17;8
V1805;G6;b.RISCO NEUTRO;HVI3;R03;HVI4;R17;8
V1805;G6;a.RISCO BAIXO;HVI3;R03;HVI4;R18;8
V1805;G6;c.RISCO ALTO;HVI3;R03;HVI4;R18;8
V1805;G6;b.RISCO NEUTRO;HVI3;R03;HVI4;R18;8
V1805;G6;a.RISCO BAIXO;HVI3;R03;HVI4;R19;8
V1805;G6;c.RISCO ALTO;HVI3;R03;HVI4;R19;8
V1805;G6;b.RISCO NEUTRO;HVI3;R03;HVI4;R19;8
V1805;G6;a.RISCO BAIXO;HVI3;R03;HVI4;R20;8
V1805;G6;c.RISCO ALTO;HVI3;R03;HVI4;R20;8
V1805;G6;b.RISCO NEUTRO;HVI3;R03;HVI4;R20;8
V1805;G6;a.RISCO BAIXO;HVI3;R03;HVI4;R99;8
V1805;G6;c.RISCO ALTO;HVI3;R03;HVI4;R99;8
V1805;G6;b.RISCO NEUTRO;HVI3;R03;HVI4;R99;8
V1805;G6;c.RISCO ALTO;HVI3;R04;HVI4;R01;8
V1805;G6;b.RISCO NEUTRO;HVI3;R04;HVI4;R01;8
V1805;G6;a.RISCO BAIXO;HVI3;R04;HVI4;R01;8
V1805;G6;c.RISCO ALTO;HVI3;R04;HVI4;R02;8
V1805;G6;b.RISCO NEUTRO;HVI3;R04;HVI4;R02;8
V1805;G6;a.RISCO BAIXO;HVI3;R04;HVI4;R02;8
V1805;G6;c.RISCO ALTO;HVI3;R04;HVI4;R03;8
V1805;G6;b.RISCO NEUTRO;HVI3;R04;HVI4;R03;8
V1805;G6;a.RISCO BAIXO;HVI3;R04;HVI4;R03;8
V1805;G6;c.RISCO ALTO;HVI3;R04;HVI4;R04;8
V1805;G6;b.RISCO NEUTRO;HVI3;R04;HVI4;R04;8
V1805;G6;a.RISCO BAIXO;HVI3;R04;HVI4;R04;8
V1805;G6;c.RISCO ALTO;HVI3;R04;HVI4;R05;8
V1805;G6;b.RISCO NEUTRO;HVI3;R04;HVI4;R05;8
V1805;G6;a.RISCO BAIXO;HVI3;R04;HVI4;R05;8
V1805;G6;c.RISCO ALTO;HVI3;R04;HVI4;R06;8
V1805;G6;b.RISCO NEUTRO;HVI3;R04;HVI4;R06;8
V1805;G6;a.RISCO BAIXO;HVI3;R04;HVI4;R06;8
V1805;G6;b.RISCO NEUTRO;HVI3;R04;HVI4;R07;8
V1805;G6;c.RISCO ALTO;HVI3;R04;HVI4;R07;8
V1805;G6;a.RISCO BAIXO;HVI3;R04;HVI4;R07;8
V1805;G6;b.RISCO NEUTRO;HVI3;R04;HVI4;R08;8
V1805;G6;c.RISCO ALTO;HVI3;R04;HVI4;R08;8
V1805;G6;a.RISCO BAIXO;HVI3;R04;HVI4;R08;8
V1805;G6;c.RISCO ALTO;HVI3;R04;HVI4;R09;8
V1805;G6;b.RISCO NEUTRO;HVI3;R04;HVI4;R09;8
V1805;G6;a.RISCO BAIXO;HVI3;R04;HVI4;R09;8
V1805;G6;c.RISCO ALTO;HVI3;R04;HVI4;R10;8
V1805;G6;b.RISCO NEUTRO;HVI3;R04;HVI4;R10;8
V1805;G6;a.RISCO BAIXO;HVI3;R04;HVI4;R10;8
V1805;G6;c.RISCO ALTO;HVI3;R04;HVI4;R11;8
V1805;G6;b.RISCO NEUTRO;HVI3;R04;HVI4;R11;8
V1805;G6;a.RISCO BAIXO;HVI3;R04;HVI4;R11;8
V1805;G6;c.RISCO ALTO;HVI3;R04;HVI4;R12;8
V1805;G6;b.RISCO NEUTRO;HVI3;R04;HVI4;R12;8
V1805;G6;a.RISCO BAIXO;HVI3;R04;HVI4;R12;8
V1805;G6;c.RISCO ALTO;HVI3;R04;HVI4;R13;8
V1805;G6;b.RISCO NEUTRO;HVI3;R04;HVI4;R13;8
V1805;G6;a.RISCO BAIXO;HVI3;R04;HVI4;R13;8
V1805;G6;c.RISCO ALTO;HVI3;R04;HVI4;R14;8
V1805;G6;b.RISCO NEUTRO;HVI3;R04;HVI4;R14;8
V1805;G6;a.RISCO BAIXO;HVI3;R04;HVI4;R14;8
V1805;G6;c.RISCO ALTO;HVI3;R04;HVI4;R15;8
V1805;G6;b.RISCO NEUTRO;HVI3;R04;HVI4;R15;8
V1805;G6;a.RISCO BAIXO;HVI3;R04;HVI4;R15;8
V1805;G6;c.RISCO ALTO;HVI3;R04;HVI4;R16;8
V1805;G6;b.RISCO NEUTRO;HVI3;R04;HVI4;R16;8
V1805;G6;a.RISCO BAIXO;HVI3;R04;HVI4;R16;8
V1805;G6;c.RISCO ALTO;HVI3;R04;HVI4;R17;8
V1805;G6;b.RISCO NEUTRO;HVI3;R04;HVI4;R17;8
V1805;G6;a.RISCO BAIXO;HVI3;R04;HVI4;R17;8
V1805;G6;c.RISCO ALTO;HVI3;R04;HVI4;R18;8
V1805;G6;b.RISCO NEUTRO;HVI3;R04;HVI4;R18;8
V1805;G6;a.RISCO BAIXO;HVI3;R04;HVI4;R18;8
V1805;G6;b.RISCO NEUTRO;HVI3;R04;HVI4;R19;8
V1805;G6;c.RISCO ALTO;HVI3;R04;HVI4;R19;8
V1805;G6;a.RISCO BAIXO;HVI3;R04;HVI4;R19;8
V1805;G6;c.RISCO ALTO;HVI3;R04;HVI4;R20;8
V1805;G6;b.RISCO NEUTRO;HVI3;R04;HVI4;R20;8
V1805;G6;a.RISCO BAIXO;HVI3;R04;HVI4;R20;8
V1805;G6;c.RISCO ALTO;HVI3;R04;HVI4;R99;8
V1805;G6;b.RISCO NEUTRO;HVI3;R04;HVI4;R99;8
V1805;G6;a.RISCO BAIXO;HVI3;R04;HVI4;R99;8
V1805;G6;c.RISCO ALTO;HVI3;R05;HVI4;R01;8
V1805;G6;b.RISCO NEUTRO;HVI3;R05;HVI4;R01;8
V1805;G6;a.RISCO BAIXO;HVI3;R05;HVI4;R01;8
V1805;G6;b.RISCO NEUTRO;HVI3;R05;HVI4;R02;8
V1805;G6;c.RISCO ALTO;HVI3;R05;HVI4;R02;8
V1805;G6;a.RISCO BAIXO;HVI3;R05;HVI4;R02;8
V1805;G6;c.RISCO ALTO;HVI3;R05;HVI4;R03;8
V1805;G6;b.RISCO NEUTRO;HVI3;R05;HVI4;R03;8
V1805;G6;a.RISCO BAIXO;HVI3;R05;HVI4;R03;8
V1805;G6;c.RISCO ALTO;HVI3;R05;HVI4;R04;8
V1805;G6;b.RISCO NEUTRO;HVI3;R05;HVI4;R04;8
V1805;G6;a.RISCO BAIXO;HVI3;R05;HVI4;R04;8
V1805;G6;c.RISCO ALTO;HVI3;R05;HVI4;R05;8
V1805;G6;b.RISCO NEUTRO;HVI3;R05;HVI4;R05;8
V1805;G6;a.RISCO BAIXO;HVI3;R05;HVI4;R05;8
V1805;G6;c.RISCO ALTO;HVI3;R05;HVI4;R06;8
V1805;G6;b.RISCO NEUTRO;HVI3;R05;HVI4;R06;8
V1805;G6;a.RISCO BAIXO;HVI3;R05;HVI4;R06;8
V1805;G6;c.RISCO ALTO;HVI3;R05;HVI4;R07;8
V1805;G6;b.RISCO NEUTRO;HVI3;R05;HVI4;R07;8
V1805;G6;a.RISCO BAIXO;HVI3;R05;HVI4;R07;8
V1805;G6;c.RISCO ALTO;HVI3;R05;HVI4;R08;8
V1805;G6;b.RISCO NEUTRO;HVI3;R05;HVI4;R08;8
V1805;G6;a.RISCO BAIXO;HVI3;R05;HVI4;R08;8
V1805;G6;c.RISCO ALTO;HVI3;R05;HVI4;R09;8
V1805;G6;b.RISCO NEUTRO;HVI3;R05;HVI4;R09;8
V1805;G6;a.RISCO BAIXO;HVI3;R05;HVI4;R09;8
V1805;G6;b.RISCO NEUTRO;HVI3;R05;HVI4;R10;8
V1805;G6;c.RISCO ALTO;HVI3;R05;HVI4;R10;8
V1805;G6;a.RISCO BAIXO;HVI3;R05;HVI4;R10;8
V1805;G6;c.RISCO ALTO;HVI3;R05;HVI4;R11;8
V1805;G6;b.RISCO NEUTRO;HVI3;R05;HVI4;R11;8
V1805;G6;a.RISCO BAIXO;HVI3;R05;HVI4;R11;8
V1805;G6;c.RISCO ALTO;HVI3;R05;HVI4;R12;8
V1805;G6;b.RISCO NEUTRO;HVI3;R05;HVI4;R12;8
V1805;G6;a.RISCO BAIXO;HVI3;R05;HVI4;R12;8
V1805;G6;c.RISCO ALTO;HVI3;R05;HVI4;R13;8
V1805;G6;b.RISCO NEUTRO;HVI3;R05;HVI4;R13;8
V1805;G6;a.RISCO BAIXO;HVI3;R05;HVI4;R13;8
V1805;G6;c.RISCO ALTO;HVI3;R05;HVI4;R14;8
V1805;G6;b.RISCO NEUTRO;HVI3;R05;HVI4;R14;8
V1805;G6;a.RISCO BAIXO;HVI3;R05;HVI4;R14;8
V1805;G6;c.RISCO ALTO;HVI3;R05;HVI4;R15;8
V1805;G6;b.RISCO NEUTRO;HVI3;R05;HVI4;R15;8
V1805;G6;a.RISCO BAIXO;HVI3;R05;HVI4;R15;8
V1805;G6;c.RISCO ALTO;HVI3;R05;HVI4;R16;8
V1805;G6;b.RISCO NEUTRO;HVI3;R05;HVI4;R16;8
V1805;G6;a.RISCO BAIXO;HVI3;R05;HVI4;R16;8
V1805;G6;c.RISCO ALTO;HVI3;R05;HVI4;R17;8
V1805;G6;b.RISCO NEUTRO;HVI3;R05;HVI4;R17;8
V1805;G6;a.RISCO BAIXO;HVI3;R05;HVI4;R17;8
V1805;G6;c.RISCO ALTO;HVI3;R05;HVI4;R18;8
V1805;G6;b.RISCO NEUTRO;HVI3;R05;HVI4;R18;8
V1805;G6;a.RISCO BAIXO;HVI3;R05;HVI4;R18;8
V1805;G6;c.RISCO ALTO;HVI3;R05;HVI4;R19;8
V1805;G6;b.RISCO NEUTRO;HVI3;R05;HVI4;R19;8
V1805;G6;a.RISCO BAIXO;HVI3;R05;HVI4;R19;8
V1805;G6;c.RISCO ALTO;HVI3;R05;HVI4;R20;8
V1805;G6;b.RISCO NEUTRO;HVI3;R05;HVI4;R20;8
V1805;G6;a.RISCO BAIXO;HVI3;R05;HVI4;R20;8
V1805;G6;c.RISCO ALTO;HVI3;R05;HVI4;R99;8
V1805;G6;b.RISCO NEUTRO;HVI3;R05;HVI4;R99;8
V1805;G6;a.RISCO BAIXO;HVI3;R05;HVI4;R99;8
V1805;G6;c.RISCO ALTO;HVI3;R06;HVI4;R01;8
V1805;G6;b.RISCO NEUTRO;HVI3;R06;HVI4;R01;8
V1805;G6;a.RISCO BAIXO;HVI3;R06;HVI4;R01;8
V1805;G6;c.RISCO ALTO;HVI3;R06;HVI4;R02;8
V1805;G6;b.RISCO NEUTRO;HVI3;R06;HVI4;R02;8
V1805;G6;a.RISCO BAIXO;HVI3;R06;HVI4;R02;8
V1805;G6;c.RISCO ALTO;HVI3;R06;HVI4;R03;5
V1805;G6;b.RISCO NEUTRO;HVI3;R06;HVI4;R03;5
V1805;G6;a.RISCO BAIXO;HVI3;R06;HVI4;R03;5
V1805;G6;c.RISCO ALTO;HVI3;R06;HVI4;R04;5
V1805;G6;b.RISCO NEUTRO;HVI3;R06;HVI4;R04;5
V1805;G6;a.RISCO BAIXO;HVI3;R06;HVI4;R04;5
V1805;G6;c.RISCO ALTO;HVI3;R06;HVI4;R05;5
V1805;G6;b.RISCO NEUTRO;HVI3;R06;HVI4;R05;5
V1805;G6;a.RISCO BAIXO;HVI3;R06;HVI4;R05;5
V1805;G6;c.RISCO ALTO;HVI3;R06;HVI4;R06;5
V1805;G6;b.RISCO NEUTRO;HVI3;R06;HVI4;R06;5
V1805;G6;a.RISCO BAIXO;HVI3;R06;HVI4;R06;5
V1805;G6;c.RISCO ALTO;HVI3;R06;HVI4;R07;5
V1805;G6;b.RISCO NEUTRO;HVI3;R06;HVI4;R07;5
V1805;G6;a.RISCO BAIXO;HVI3;R06;HVI4;R07;5
V1805;G6;c.RISCO ALTO;HVI3;R06;HVI4;R08;5
V1805;G6;b.RISCO NEUTRO;HVI3;R06;HVI4;R08;5
V1805;G6;a.RISCO BAIXO;HVI3;R06;HVI4;R08;5
V1805;G6;c.RISCO ALTO;HVI3;R06;HVI4;R09;5
V1805;G6;b.RISCO NEUTRO;HVI3;R06;HVI4;R09;5
V1805;G6;a.RISCO BAIXO;HVI3;R06;HVI4;R09;5
V1805;G6;c.RISCO ALTO;HVI3;R06;HVI4;R10;5
V1805;G6;b.RISCO NEUTRO;HVI3;R06;HVI4;R10;5
V1805;G6;a.RISCO BAIXO;HVI3;R06;HVI4;R10;5
V1805;G6;c.RISCO ALTO;HVI3;R06;HVI4;R11;5
V1805;G6;b.RISCO NEUTRO;HVI3;R06;HVI4;R11;5
V1805;G6;a.RISCO BAIXO;HVI3;R06;HVI4;R11;5
V1805;G6;c.RISCO ALTO;HVI3;R06;HVI4;R12;5
V1805;G6;b.RISCO NEUTRO;HVI3;R06;HVI4;R12;5
V1805;G6;a.RISCO BAIXO;HVI3;R06;HVI4;R12;5
V1805;G6;b.RISCO NEUTRO;HVI3;R06;HVI4;R13;5
V1805;G6;c.RISCO ALTO;HVI3;R06;HVI4;R13;5
V1805;G6;a.RISCO BAIXO;HVI3;R06;HVI4;R13;5
V1805;G6;b.RISCO NEUTRO;HVI3;R06;HVI4;R14;5
V1805;G6;c.RISCO ALTO;HVI3;R06;HVI4;R14;5
V1805;G6;a.RISCO BAIXO;HVI3;R06;HVI4;R14;5
V1805;G6;c.RISCO ALTO;HVI3;R06;HVI4;R15;5
V1805;G6;b.RISCO NEUTRO;HVI3;R06;HVI4;R15;5
V1805;G6;a.RISCO BAIXO;HVI3;R06;HVI4;R15;5
V1805;G6;c.RISCO ALTO;HVI3;R06;HVI4;R16;5
V1805;G6;b.RISCO NEUTRO;HVI3;R06;HVI4;R16;5
V1805;G6;a.RISCO BAIXO;HVI3;R06;HVI4;R16;5
V1805;G6;c.RISCO ALTO;HVI3;R06;HVI4;R17;5
V1805;G6;b.RISCO NEUTRO;HVI3;R06;HVI4;R17;5
V1805;G6;a.RISCO BAIXO;HVI3;R06;HVI4;R17;5
V1805;G6;c.RISCO ALTO;HVI3;R06;HVI4;R18;5
V1805;G6;b.RISCO NEUTRO;HVI3;R06;HVI4;R18;5
V1805;G6;a.RISCO BAIXO;HVI3;R06;HVI4;R18;5
V1805;G6;c.RISCO ALTO;HVI3;R06;HVI4;R19;5
V1805;G6;b.RISCO NEUTRO;HVI3;R06;HVI4;R19;5
V1805;G6;a.RISCO BAIXO;HVI3;R06;HVI4;R19;5
V1805;G6;c.RISCO ALTO;HVI3;R06;HVI4;R20;5
V1805;G6;b.RISCO NEUTRO;HVI3;R06;HVI4;R20;5
V1805;G6;a.RISCO BAIXO;HVI3;R06;HVI4;R20;5
V1805;G6;c.RISCO ALTO;HVI3;R06;HVI4;R99;5
V1805;G6;b.RISCO NEUTRO;HVI3;R06;HVI4;R99;5
V1805;G6;a.RISCO BAIXO;HVI3;R06;HVI4;R99;5
V1805;G6;c.RISCO ALTO;HVI3;R07;HVI4;R01;8
V1805;G6;b.RISCO NEUTRO;HVI3;R07;HVI4;R01;8
V1805;G6;a.RISCO BAIXO;HVI3;R07;HVI4;R01;8
V1805;G6;c.RISCO ALTO;HVI3;R07;HVI4;R02;8
V1805;G6;b.RISCO NEUTRO;HVI3;R07;HVI4;R02;8
V1805;G6;a.RISCO BAIXO;HVI3;R07;HVI4;R02;8
V1805;G6;c.RISCO ALTO;HVI3;R07;HVI4;R03;5
V1805;G6;b.RISCO NEUTRO;HVI3;R07;HVI4;R03;5
V1805;G6;a.RISCO BAIXO;HVI3;R07;HVI4;R03;5
V1805;G6;b.RISCO NEUTRO;HVI3;R07;HVI4;R04;5
V1805;G6;c.RISCO ALTO;HVI3;R07;HVI4;R04;5
V1805;G6;a.RISCO BAIXO;HVI3;R07;HVI4;R04;5
V1805;G6;c.RISCO ALTO;HVI3;R07;HVI4;R05;5
V1805;G6;b.RISCO NEUTRO;HVI3;R07;HVI4;R05;5
V1805;G6;a.RISCO BAIXO;HVI3;R07;HVI4;R05;5
V1805;G6;c.RISCO ALTO;HVI3;R07;HVI4;R06;5
V1805;G6;b.RISCO NEUTRO;HVI3;R07;HVI4;R06;5
V1805;G6;a.RISCO BAIXO;HVI3;R07;HVI4;R06;5
V1805;G6;c.RISCO ALTO;HVI3;R07;HVI4;R07;5
V1805;G6;b.RISCO NEUTRO;HVI3;R07;HVI4;R07;5
V1805;G6;a.RISCO BAIXO;HVI3;R07;HVI4;R07;5
V1805;G6;b.RISCO NEUTRO;HVI3;R07;HVI4;R08;5
V1805;G6;c.RISCO ALTO;HVI3;R07;HVI4;R08;5
V1805;G6;a.RISCO BAIXO;HVI3;R07;HVI4;R08;5
V1805;G6;c.RISCO ALTO;HVI3;R07;HVI4;R09;5
V1805;G6;b.RISCO NEUTRO;HVI3;R07;HVI4;R09;5
V1805;G6;a.RISCO BAIXO;HVI3;R07;HVI4;R09;5
V1805;G6;c.RISCO ALTO;HVI3;R07;HVI4;R10;5
V1805;G6;b.RISCO NEUTRO;HVI3;R07;HVI4;R10;5
V1805;G6;a.RISCO BAIXO;HVI3;R07;HVI4;R10;5
V1805;G6;c.RISCO ALTO;HVI3;R07;HVI4;R11;5
V1805;G6;b.RISCO NEUTRO;HVI3;R07;HVI4;R11;5
V1805;G6;a.RISCO BAIXO;HVI3;R07;HVI4;R11;5
V1805;G6;c.RISCO ALTO;HVI3;R07;HVI4;R12;5
V1805;G6;b.RISCO NEUTRO;HVI3;R07;HVI4;R12;5
V1805;G6;a.RISCO BAIXO;HVI3;R07;HVI4;R12;5
V1805;G6;c.RISCO ALTO;HVI3;R07;HVI4;R13;5
V1805;G6;b.RISCO NEUTRO;HVI3;R07;HVI4;R13;5
V1805;G6;a.RISCO BAIXO;HVI3;R07;HVI4;R13;5
V1805;G6;c.RISCO ALTO;HVI3;R07;HVI4;R14;5
V1805;G6;b.RISCO NEUTRO;HVI3;R07;HVI4;R14;5
V1805;G6;a.RISCO BAIXO;HVI3;R07;HVI4;R14;5
V1805;G6;c.RISCO ALTO;HVI3;R07;HVI4;R15;5
V1805;G6;b.RISCO NEUTRO;HVI3;R07;HVI4;R15;5
V1805;G6;a.RISCO BAIXO;HVI3;R07;HVI4;R15;5
V1805;G6;b.RISCO NEUTRO;HVI3;R07;HVI4;R16;5
V1805;G6;c.RISCO ALTO;HVI3;R07;HVI4;R16;5
V1805;G6;a.RISCO BAIXO;HVI3;R07;HVI4;R16;5
V1805;G6;c.RISCO ALTO;HVI3;R07;HVI4;R17;5
V1805;G6;b.RISCO NEUTRO;HVI3;R07;HVI4;R17;5
V1805;G6;a.RISCO BAIXO;HVI3;R07;HVI4;R17;5
V1805;G6;c.RISCO ALTO;HVI3;R07;HVI4;R18;5
V1805;G6;b.RISCO NEUTRO;HVI3;R07;HVI4;R18;5
V1805;G6;a.RISCO BAIXO;HVI3;R07;HVI4;R18;5
V1805;G6;c.RISCO ALTO;HVI3;R07;HVI4;R19;5
V1805;G6;b.RISCO NEUTRO;HVI3;R07;HVI4;R19;5
V1805;G6;a.RISCO BAIXO;HVI3;R07;HVI4;R19;5
V1805;G6;c.RISCO ALTO;HVI3;R07;HVI4;R20;5
V1805;G6;b.RISCO NEUTRO;HVI3;R07;HVI4;R20;5
V1805;G6;a.RISCO BAIXO;HVI3;R07;HVI4;R20;5
V1805;G6;c.RISCO ALTO;HVI3;R07;HVI4;R99;5
V1805;G6;b.RISCO NEUTRO;HVI3;R07;HVI4;R99;5
V1805;G6;a.RISCO BAIXO;HVI3;R07;HVI4;R99;5
V1805;G6;c.RISCO ALTO;HVI3;R08;HVI4;R01;8
V1805;G6;b.RISCO NEUTRO;HVI3;R08;HVI4;R01;8
V1805;G6;a.RISCO BAIXO;HVI3;R08;HVI4;R01;8
V1805;G6;c.RISCO ALTO;HVI3;R08;HVI4;R02;8
V1805;G6;b.RISCO NEUTRO;HVI3;R08;HVI4;R02;8
V1805;G6;a.RISCO BAIXO;HVI3;R08;HVI4;R02;8
V1805;G6;c.RISCO ALTO;HVI3;R08;HVI4;R03;5
V1805;G6;b.RISCO NEUTRO;HVI3;R08;HVI4;R03;5
V1805;G6;a.RISCO BAIXO;HVI3;R08;HVI4;R03;5
V1805;G6;c.RISCO ALTO;HVI3;R08;HVI4;R04;5
V1805;G6;b.RISCO NEUTRO;HVI3;R08;HVI4;R04;5
V1805;G6;a.RISCO BAIXO;HVI3;R08;HVI4;R04;5
V1805;G6;c.RISCO ALTO;HVI3;R08;HVI4;R05;5
V1805;G6;b.RISCO NEUTRO;HVI3;R08;HVI4;R05;5
V1805;G6;a.RISCO BAIXO;HVI3;R08;HVI4;R05;5
V1805;G6;c.RISCO ALTO;HVI3;R08;HVI4;R06;5
V1805;G6;b.RISCO NEUTRO;HVI3;R08;HVI4;R06;5
V1805;G6;a.RISCO BAIXO;HVI3;R08;HVI4;R06;5
V1805;G6;c.RISCO ALTO;HVI3;R08;HVI4;R07;5
V1805;G6;b.RISCO NEUTRO;HVI3;R08;HVI4;R07;5
V1805;G6;a.RISCO BAIXO;HVI3;R08;HVI4;R07;5
V1805;G6;c.RISCO ALTO;HVI3;R08;HVI4;R08;5
V1805;G6;b.RISCO NEUTRO;HVI3;R08;HVI4;R08;5
V1805;G6;a.RISCO BAIXO;HVI3;R08;HVI4;R08;5
V1805;G6;c.RISCO ALTO;HVI3;R08;HVI4;R09;5
V1805;G6;b.RISCO NEUTRO;HVI3;R08;HVI4;R09;5
V1805;G6;a.RISCO BAIXO;HVI3;R08;HVI4;R09;5
V1805;G6;c.RISCO ALTO;HVI3;R08;HVI4;R10;5
V1805;G6;b.RISCO NEUTRO;HVI3;R08;HVI4;R10;5
V1805;G6;a.RISCO BAIXO;HVI3;R08;HVI4;R10;5
V1805;G6;c.RISCO ALTO;HVI3;R08;HVI4;R11;5
V1805;G6;b.RISCO NEUTRO;HVI3;R08;HVI4;R11;5
V1805;G6;a.RISCO BAIXO;HVI3;R08;HVI4;R11;5
V1805;G6;c.RISCO ALTO;HVI3;R08;HVI4;R12;5
V1805;G6;b.RISCO NEUTRO;HVI3;R08;HVI4;R12;5
V1805;G6;a.RISCO BAIXO;HVI3;R08;HVI4;R12;5
V1805;G6;c.RISCO ALTO;HVI3;R08;HVI4;R13;5
V1805;G6;b.RISCO NEUTRO;HVI3;R08;HVI4;R13;5
V1805;G6;a.RISCO BAIXO;HVI3;R08;HVI4;R13;5
V1805;G6;c.RISCO ALTO;HVI3;R08;HVI4;R14;5
V1805;G6;b.RISCO NEUTRO;HVI3;R08;HVI4;R14;5
V1805;G6;a.RISCO BAIXO;HVI3;R08;HVI4;R14;5
V1805;G6;c.RISCO ALTO;HVI3;R08;HVI4;R15;5
V1805;G6;b.RISCO NEUTRO;HVI3;R08;HVI4;R15;5
V1805;G6;a.RISCO BAIXO;HVI3;R08;HVI4;R15;5
V1805;G6;c.RISCO ALTO;HVI3;R08;HVI4;R16;5
V1805;G6;b.RISCO NEUTRO;HVI3;R08;HVI4;R16;5
V1805;G6;a.RISCO BAIXO;HVI3;R08;HVI4;R16;5
V1805;G6;c.RISCO ALTO;HVI3;R08;HVI4;R17;5
V1805;G6;b.RISCO NEUTRO;HVI3;R08;HVI4;R17;5
V1805;G6;a.RISCO BAIXO;HVI3;R08;HVI4;R17;5
V1805;G6;c.RISCO ALTO;HVI3;R08;HVI4;R18;5
V1805;G6;b.RISCO NEUTRO;HVI3;R08;HVI4;R18;5
V1805;G6;a.RISCO BAIXO;HVI3;R08;HVI4;R18;5
V1805;G6;b.RISCO NEUTRO;HVI3;R08;HVI4;R19;5
V1805;G6;c.RISCO ALTO;HVI3;R08;HVI4;R19;5
V1805;G6;a.RISCO BAIXO;HVI3;R08;HVI4;R19;5
V1805;G6;b.RISCO NEUTRO;HVI3;R08;HVI4;R20;5
V1805;G6;c.RISCO ALTO;HVI3;R08;HVI4;R20;5
V1805;G6;a.RISCO BAIXO;HVI3;R08;HVI4;R20;5
V1805;G6;c.RISCO ALTO;HVI3;R08;HVI4;R99;5
V1805;G6;b.RISCO NEUTRO;HVI3;R08;HVI4;R99;5
V1805;G6;a.RISCO BAIXO;HVI3;R08;HVI4;R99;5
V1805;G6;c.RISCO ALTO;HVI3;R09;HVI4;R01;8
V1805;G6;b.RISCO NEUTRO;HVI3;R09;HVI4;R01;8
V1805;G6;a.RISCO BAIXO;HVI3;R09;HVI4;R01;8
V1805;G6;c.RISCO ALTO;HVI3;R09;HVI4;R02;8
V1805;G6;b.RISCO NEUTRO;HVI3;R09;HVI4;R02;8
V1805;G6;a.RISCO BAIXO;HVI3;R09;HVI4;R02;8
V1805;G6;c.RISCO ALTO;HVI3;R09;HVI4;R03;5
V1805;G6;b.RISCO NEUTRO;HVI3;R09;HVI4;R03;5
V1805;G6;a.RISCO BAIXO;HVI3;R09;HVI4;R03;5
V1805;G6;c.RISCO ALTO;HVI3;R09;HVI4;R04;5
V1805;G6;b.RISCO NEUTRO;HVI3;R09;HVI4;R04;5
V1805;G6;a.RISCO BAIXO;HVI3;R09;HVI4;R04;5
V1805;G6;c.RISCO ALTO;HVI3;R09;HVI4;R05;5
V1805;G6;b.RISCO NEUTRO;HVI3;R09;HVI4;R05;5
V1805;G6;a.RISCO BAIXO;HVI3;R09;HVI4;R05;5
V1805;G6;c.RISCO ALTO;HVI3;R09;HVI4;R06;5
V1805;G6;b.RISCO NEUTRO;HVI3;R09;HVI4;R06;5
V1805;G6;a.RISCO BAIXO;HVI3;R09;HVI4;R06;5
V1805;G6;c.RISCO ALTO;HVI3;R09;HVI4;R07;5
V1805;G6;b.RISCO NEUTRO;HVI3;R09;HVI4;R07;5
V1805;G6;a.RISCO BAIXO;HVI3;R09;HVI4;R07;5
V1805;G6;c.RISCO ALTO;HVI3;R09;HVI4;R08;5
V1805;G6;b.RISCO NEUTRO;HVI3;R09;HVI4;R08;5
V1805;G6;a.RISCO BAIXO;HVI3;R09;HVI4;R08;5
V1805;G6;c.RISCO ALTO;HVI3;R09;HVI4;R09;5
V1805;G6;b.RISCO NEUTRO;HVI3;R09;HVI4;R09;5
V1805;G6;a.RISCO BAIXO;HVI3;R09;HVI4;R09;5
V1805;G6;b.RISCO NEUTRO;HVI3;R09;HVI4;R10;5
V1805;G6;c.RISCO ALTO;HVI3;R09;HVI4;R10;5
V1805;G6;a.RISCO BAIXO;HVI3;R09;HVI4;R10;5
V1805;G6;c.RISCO ALTO;HVI3;R09;HVI4;R11;5
V1805;G6;b.RISCO NEUTRO;HVI3;R09;HVI4;R11;5
V1805;G6;a.RISCO BAIXO;HVI3;R09;HVI4;R11;5
V1805;G6;c.RISCO ALTO;HVI3;R09;HVI4;R12;5
V1805;G6;b.RISCO NEUTRO;HVI3;R09;HVI4;R12;5
V1805;G6;a.RISCO BAIXO;HVI3;R09;HVI4;R12;5
V1805;G6;c.RISCO ALTO;HVI3;R09;HVI4;R13;5
V1805;G6;b.RISCO NEUTRO;HVI3;R09;HVI4;R13;5
V1805;G6;a.RISCO BAIXO;HVI3;R09;HVI4;R13;5
V1805;G6;c.RISCO ALTO;HVI3;R09;HVI4;R14;5
V1805;G6;b.RISCO NEUTRO;HVI3;R09;HVI4;R14;5
V1805;G6;a.RISCO BAIXO;HVI3;R09;HVI4;R14;5
V1805;G6;b.RISCO NEUTRO;HVI3;R09;HVI4;R15;5
V1805;G6;c.RISCO ALTO;HVI3;R09;HVI4;R15;5
V1805;G6;a.RISCO BAIXO;HVI3;R09;HVI4;R15;5
V1805;G6;c.RISCO ALTO;HVI3;R09;HVI4;R16;5
V1805;G6;b.RISCO NEUTRO;HVI3;R09;HVI4;R16;5
V1805;G6;a.RISCO BAIXO;HVI3;R09;HVI4;R16;5
V1805;G6;c.RISCO ALTO;HVI3;R09;HVI4;R17;5
V1805;G6;b.RISCO NEUTRO;HVI3;R09;HVI4;R17;5
V1805;G6;a.RISCO BAIXO;HVI3;R09;HVI4;R17;5
V1805;G6;c.RISCO ALTO;HVI3;R09;HVI4;R18;5
V1805;G6;b.RISCO NEUTRO;HVI3;R09;HVI4;R18;5
V1805;G6;a.RISCO BAIXO;HVI3;R09;HVI4;R18;5
V1805;G6;c.RISCO ALTO;HVI3;R09;HVI4;R19;5
V1805;G6;b.RISCO NEUTRO;HVI3;R09;HVI4;R19;5
V1805;G6;a.RISCO BAIXO;HVI3;R09;HVI4;R19;5
V1805;G6;c.RISCO ALTO;HVI3;R09;HVI4;R20;5
V1805;G6;b.RISCO NEUTRO;HVI3;R09;HVI4;R20;5
V1805;G6;a.RISCO BAIXO;HVI3;R09;HVI4;R20;5
V1805;G6;c.RISCO ALTO;HVI3;R09;HVI4;R99;5
V1805;G6;b.RISCO NEUTRO;HVI3;R09;HVI4;R99;5
V1805;G6;a.RISCO BAIXO;HVI3;R09;HVI4;R99;5
V1805;G6;b.RISCO NEUTRO;HVI3;R10;HVI4;R01;8
V1805;G6;c.RISCO ALTO;HVI3;R10;HVI4;R01;8
V1805;G6;a.RISCO BAIXO;HVI3;R10;HVI4;R01;8
V1805;G6;c.RISCO ALTO;HVI3;R10;HVI4;R02;8
V1805;G6;b.RISCO NEUTRO;HVI3;R10;HVI4;R02;8
V1805;G6;a.RISCO BAIXO;HVI3;R10;HVI4;R02;8
V1805;G6;c.RISCO ALTO;HVI3;R10;HVI4;R03;0
V1805;G6;b.RISCO NEUTRO;HVI3;R10;HVI4;R03;5
V1805;G6;a.RISCO BAIXO;HVI3;R10;HVI4;R03;5
V1805;G6;c.RISCO ALTO;HVI3;R10;HVI4;R04;0
V1805;G6;b.RISCO NEUTRO;HVI3;R10;HVI4;R04;5
V1805;G6;a.RISCO BAIXO;HVI3;R10;HVI4;R04;5
V1805;G6;b.RISCO NEUTRO;HVI3;R10;HVI4;R05;5
V1805;G6;c.RISCO ALTO;HVI3;R10;HVI4;R05;0
V1805;G6;a.RISCO BAIXO;HVI3;R10;HVI4;R05;5
V1805;G6;c.RISCO ALTO;HVI3;R10;HVI4;R06;0
V1805;G6;b.RISCO NEUTRO;HVI3;R10;HVI4;R06;5
V1805;G6;a.RISCO BAIXO;HVI3;R10;HVI4;R06;5
V1805;G6;c.RISCO ALTO;HVI3;R10;HVI4;R07;0
V1805;G6;b.RISCO NEUTRO;HVI3;R10;HVI4;R07;5
V1805;G6;a.RISCO BAIXO;HVI3;R10;HVI4;R07;5
V1805;G6;c.RISCO ALTO;HVI3;R10;HVI4;R08;0
V1805;G6;b.RISCO NEUTRO;HVI3;R10;HVI4;R08;5
V1805;G6;a.RISCO BAIXO;HVI3;R10;HVI4;R08;5
V1805;G6;c.RISCO ALTO;HVI3;R10;HVI4;R09;0
V1805;G6;b.RISCO NEUTRO;HVI3;R10;HVI4;R09;5
V1805;G6;a.RISCO BAIXO;HVI3;R10;HVI4;R09;5
V1805;G6;c.RISCO ALTO;HVI3;R10;HVI4;R10;0
V1805;G6;b.RISCO NEUTRO;HVI3;R10;HVI4;R10;5
V1805;G6;a.RISCO BAIXO;HVI3;R10;HVI4;R10;5
V1805;G6;c.RISCO ALTO;HVI3;R10;HVI4;R11;0
V1805;G6;b.RISCO NEUTRO;HVI3;R10;HVI4;R11;5
V1805;G6;a.RISCO BAIXO;HVI3;R10;HVI4;R11;5
V1805;G6;c.RISCO ALTO;HVI3;R10;HVI4;R12;0
V1805;G6;b.RISCO NEUTRO;HVI3;R10;HVI4;R12;5
V1805;G6;a.RISCO BAIXO;HVI3;R10;HVI4;R12;5
V1805;G6;c.RISCO ALTO;HVI3;R10;HVI4;R13;0
V1805;G6;b.RISCO NEUTRO;HVI3;R10;HVI4;R13;5
V1805;G6;a.RISCO BAIXO;HVI3;R10;HVI4;R13;5
V1805;G6;c.RISCO ALTO;HVI3;R10;HVI4;R14;0
V1805;G6;b.RISCO NEUTRO;HVI3;R10;HVI4;R14;5
V1805;G6;a.RISCO BAIXO;HVI3;R10;HVI4;R14;5
V1805;G6;c.RISCO ALTO;HVI3;R10;HVI4;R15;0
V1805;G6;b.RISCO NEUTRO;HVI3;R10;HVI4;R15;5
V1805;G6;a.RISCO BAIXO;HVI3;R10;HVI4;R15;5
V1805;G6;c.RISCO ALTO;HVI3;R10;HVI4;R16;0
V1805;G6;b.RISCO NEUTRO;HVI3;R10;HVI4;R16;5
V1805;G6;a.RISCO BAIXO;HVI3;R10;HVI4;R16;5
V1805;G6;c.RISCO ALTO;HVI3;R10;HVI4;R17;0
V1805;G6;b.RISCO NEUTRO;HVI3;R10;HVI4;R17;5
V1805;G6;a.RISCO BAIXO;HVI3;R10;HVI4;R17;5
V1805;G6;c.RISCO ALTO;HVI3;R10;HVI4;R18;0
V1805;G6;b.RISCO NEUTRO;HVI3;R10;HVI4;R18;5
V1805;G6;a.RISCO BAIXO;HVI3;R10;HVI4;R18;5
V1805;G6;c.RISCO ALTO;HVI3;R10;HVI4;R19;0
V1805;G6;b.RISCO NEUTRO;HVI3;R10;HVI4;R19;5
V1805;G6;a.RISCO BAIXO;HVI3;R10;HVI4;R19;5
V1805;G6;c.RISCO ALTO;HVI3;R10;HVI4;R20;0
V1805;G6;b.RISCO NEUTRO;HVI3;R10;HVI4;R20;5
V1805;G6;a.RISCO BAIXO;HVI3;R10;HVI4;R20;5
V1805;G6;c.RISCO ALTO;HVI3;R10;HVI4;R99;0
V1805;G6;b.RISCO NEUTRO;HVI3;R10;HVI4;R99;5
V1805;G6;a.RISCO BAIXO;HVI3;R10;HVI4;R99;5
V1805;G6;c.RISCO ALTO;HVI3;R11;HVI4;R01;8
V1805;G6;b.RISCO NEUTRO;HVI3;R11;HVI4;R01;8
V1805;G6;a.RISCO BAIXO;HVI3;R11;HVI4;R01;8
V1805;G6;c.RISCO ALTO;HVI3;R11;HVI4;R02;8
V1805;G6;b.RISCO NEUTRO;HVI3;R11;HVI4;R02;8
V1805;G6;a.RISCO BAIXO;HVI3;R11;HVI4;R02;8
V1805;G6;c.RISCO ALTO;HVI3;R11;HVI4;R03;0
V1805;G6;b.RISCO NEUTRO;HVI3;R11;HVI4;R03;0
V1805;G6;a.RISCO BAIXO;HVI3;R11;HVI4;R03;5
V1805;G6;b.RISCO NEUTRO;HVI3;R11;HVI4;R04;0
V1805;G6;c.RISCO ALTO;HVI3;R11;HVI4;R04;0
V1805;G6;a.RISCO BAIXO;HVI3;R11;HVI4;R04;5
V1805;G6;c.RISCO ALTO;HVI3;R11;HVI4;R05;0
V1805;G6;b.RISCO NEUTRO;HVI3;R11;HVI4;R05;0
V1805;G6;a.RISCO BAIXO;HVI3;R11;HVI4;R05;5
V1805;G6;c.RISCO ALTO;HVI3;R11;HVI4;R06;0
V1805;G6;b.RISCO NEUTRO;HVI3;R11;HVI4;R06;0
V1805;G6;a.RISCO BAIXO;HVI3;R11;HVI4;R06;5
V1805;G6;c.RISCO ALTO;HVI3;R11;HVI4;R07;0
V1805;G6;b.RISCO NEUTRO;HVI3;R11;HVI4;R07;0
V1805;G6;a.RISCO BAIXO;HVI3;R11;HVI4;R07;5
V1805;G6;c.RISCO ALTO;HVI3;R11;HVI4;R08;0
V1805;G6;b.RISCO NEUTRO;HVI3;R11;HVI4;R08;0
V1805;G6;a.RISCO BAIXO;HVI3;R11;HVI4;R08;5
V1805;G6;c.RISCO ALTO;HVI3;R11;HVI4;R09;0
V1805;G6;b.RISCO NEUTRO;HVI3;R11;HVI4;R09;0
V1805;G6;a.RISCO BAIXO;HVI3;R11;HVI4;R09;5
V1805;G6;c.RISCO ALTO;HVI3;R11;HVI4;R10;0
V1805;G6;b.RISCO NEUTRO;HVI3;R11;HVI4;R10;0
V1805;G6;a.RISCO BAIXO;HVI3;R11;HVI4;R10;5
V1805;G6;c.RISCO ALTO;HVI3;R11;HVI4;R11;0
V1805;G6;b.RISCO NEUTRO;HVI3;R11;HVI4;R11;0
V1805;G6;a.RISCO BAIXO;HVI3;R11;HVI4;R11;5
V1805;G6;c.RISCO ALTO;HVI3;R11;HVI4;R12;0
V1805;G6;b.RISCO NEUTRO;HVI3;R11;HVI4;R12;0
V1805;G6;a.RISCO BAIXO;HVI3;R11;HVI4;R12;5
V1805;G6;c.RISCO ALTO;HVI3;R11;HVI4;R13;0
V1805;G6;b.RISCO NEUTRO;HVI3;R11;HVI4;R13;0
V1805;G6;a.RISCO BAIXO;HVI3;R11;HVI4;R13;5
V1805;G6;c.RISCO ALTO;HVI3;R11;HVI4;R14;0
V1805;G6;b.RISCO NEUTRO;HVI3;R11;HVI4;R14;0
V1805;G6;a.RISCO BAIXO;HVI3;R11;HVI4;R14;5
V1805;G6;c.RISCO ALTO;HVI3;R11;HVI4;R15;0
V1805;G6;b.RISCO NEUTRO;HVI3;R11;HVI4;R15;0
V1805;G6;a.RISCO BAIXO;HVI3;R11;HVI4;R15;5
V1805;G6;b.RISCO NEUTRO;HVI3;R11;HVI4;R16;0
V1805;G6;c.RISCO ALTO;HVI3;R11;HVI4;R16;0
V1805;G6;a.RISCO BAIXO;HVI3;R11;HVI4;R16;5
V1805;G6;c.RISCO ALTO;HVI3;R11;HVI4;R17;0
V1805;G6;b.RISCO NEUTRO;HVI3;R11;HVI4;R17;0
V1805;G6;a.RISCO BAIXO;HVI3;R11;HVI4;R17;5
V1805;G6;c.RISCO ALTO;HVI3;R11;HVI4;R18;0
V1805;G6;b.RISCO NEUTRO;HVI3;R11;HVI4;R18;0
V1805;G6;a.RISCO BAIXO;HVI3;R11;HVI4;R18;5
V1805;G6;c.RISCO ALTO;HVI3;R11;HVI4;R19;0
V1805;G6;b.RISCO NEUTRO;HVI3;R11;HVI4;R19;0
V1805;G6;a.RISCO BAIXO;HVI3;R11;HVI4;R19;5
V1805;G6;b.RISCO NEUTRO;HVI3;R11;HVI4;R20;0
V1805;G6;c.RISCO ALTO;HVI3;R11;HVI4;R20;0
V1805;G6;a.RISCO BAIXO;HVI3;R11;HVI4;R20;5
V1805;G6;c.RISCO ALTO;HVI3;R11;HVI4;R99;0
V1805;G6;b.RISCO NEUTRO;HVI3;R11;HVI4;R99;0
V1805;G6;a.RISCO BAIXO;HVI3;R11;HVI4;R99;5
V1805;G6;c.RISCO ALTO;HVI3;R12;HVI4;R01;8
V1805;G6;b.RISCO NEUTRO;HVI3;R12;HVI4;R01;8
V1805;G6;a.RISCO BAIXO;HVI3;R12;HVI4;R01;8
V1805;G6;c.RISCO ALTO;HVI3;R12;HVI4;R02;8
V1805;G6;b.RISCO NEUTRO;HVI3;R12;HVI4;R02;8
V1805;G6;a.RISCO BAIXO;HVI3;R12;HVI4;R02;8
V1805;G6;c.RISCO ALTO;HVI3;R12;HVI4;R03;0
V1805;G6;b.RISCO NEUTRO;HVI3;R12;HVI4;R03;0
V1805;G6;a.RISCO BAIXO;HVI3;R12;HVI4;R03;5
V1805;G6;c.RISCO ALTO;HVI3;R12;HVI4;R04;0
V1805;G6;b.RISCO NEUTRO;HVI3;R12;HVI4;R04;0
V1805;G6;a.RISCO BAIXO;HVI3;R12;HVI4;R04;5
V1805;G6;c.RISCO ALTO;HVI3;R12;HVI4;R05;0
V1805;G6;b.RISCO NEUTRO;HVI3;R12;HVI4;R05;0
V1805;G6;a.RISCO BAIXO;HVI3;R12;HVI4;R05;5
V1805;G6;c.RISCO ALTO;HVI3;R12;HVI4;R06;0
V1805;G6;b.RISCO NEUTRO;HVI3;R12;HVI4;R06;0
V1805;G6;a.RISCO BAIXO;HVI3;R12;HVI4;R06;5
V1805;G6;b.RISCO NEUTRO;HVI3;R12;HVI4;R07;0
V1805;G6;c.RISCO ALTO;HVI3;R12;HVI4;R07;0
V1805;G6;a.RISCO BAIXO;HVI3;R12;HVI4;R07;5
V1805;G6;c.RISCO ALTO;HVI3;R12;HVI4;R08;0
V1805;G6;b.RISCO NEUTRO;HVI3;R12;HVI4;R08;0
V1805;G6;a.RISCO BAIXO;HVI3;R12;HVI4;R08;5
V1805;G6;c.RISCO ALTO;HVI3;R12;HVI4;R09;0
V1805;G6;b.RISCO NEUTRO;HVI3;R12;HVI4;R09;0
V1805;G6;a.RISCO BAIXO;HVI3;R12;HVI4;R09;5
V1805;G6;c.RISCO ALTO;HVI3;R12;HVI4;R10;0
V1805;G6;b.RISCO NEUTRO;HVI3;R12;HVI4;R10;0
V1805;G6;a.RISCO BAIXO;HVI3;R12;HVI4;R10;5
V1805;G6;b.RISCO NEUTRO;HVI3;R12;HVI4;R11;0
V1805;G6;c.RISCO ALTO;HVI3;R12;HVI4;R11;0
V1805;G6;a.RISCO BAIXO;HVI3;R12;HVI4;R11;5
V1805;G6;c.RISCO ALTO;HVI3;R12;HVI4;R12;0
V1805;G6;b.RISCO NEUTRO;HVI3;R12;HVI4;R12;0
V1805;G6;a.RISCO BAIXO;HVI3;R12;HVI4;R12;5
V1805;G6;c.RISCO ALTO;HVI3;R12;HVI4;R13;0
V1805;G6;b.RISCO NEUTRO;HVI3;R12;HVI4;R13;0
V1805;G6;a.RISCO BAIXO;HVI3;R12;HVI4;R13;5
V1805;G6;c.RISCO ALTO;HVI3;R12;HVI4;R14;0
V1805;G6;b.RISCO NEUTRO;HVI3;R12;HVI4;R14;0
V1805;G6;a.RISCO BAIXO;HVI3;R12;HVI4;R14;5
V1805;G6;c.RISCO ALTO;HVI3;R12;HVI4;R15;0
V1805;G6;b.RISCO NEUTRO;HVI3;R12;HVI4;R15;0
V1805;G6;a.RISCO BAIXO;HVI3;R12;HVI4;R15;5
V1805;G6;c.RISCO ALTO;HVI3;R12;HVI4;R16;0
V1805;G6;b.RISCO NEUTRO;HVI3;R12;HVI4;R16;0
V1805;G6;a.RISCO BAIXO;HVI3;R12;HVI4;R16;5
V1805;G6;c.RISCO ALTO;HVI3;R12;HVI4;R17;0
V1805;G6;b.RISCO NEUTRO;HVI3;R12;HVI4;R17;0
V1805;G6;a.RISCO BAIXO;HVI3;R12;HVI4;R17;5
V1805;G6;c.RISCO ALTO;HVI3;R12;HVI4;R18;0
V1805;G6;b.RISCO NEUTRO;HVI3;R12;HVI4;R18;0
V1805;G6;a.RISCO BAIXO;HVI3;R12;HVI4;R18;5
V1805;G6;c.RISCO ALTO;HVI3;R12;HVI4;R19;0
V1805;G6;b.RISCO NEUTRO;HVI3;R12;HVI4;R19;0
V1805;G6;a.RISCO BAIXO;HVI3;R12;HVI4;R19;5
V1805;G6;c.RISCO ALTO;HVI3;R12;HVI4;R20;0
V1805;G6;b.RISCO NEUTRO;HVI3;R12;HVI4;R20;0
V1805;G6;a.RISCO BAIXO;HVI3;R12;HVI4;R20;5
V1805;G6;c.RISCO ALTO;HVI3;R12;HVI4;R99;0
V1805;G6;b.RISCO NEUTRO;HVI3;R12;HVI4;R99;0
V1805;G6;a.RISCO BAIXO;HVI3;R12;HVI4;R99;5
V1805;G6;c.RISCO ALTO;HVI3;R13;HVI4;R01;8
V1805;G6;b.RISCO NEUTRO;HVI3;R13;HVI4;R01;8
V1805;G6;a.RISCO BAIXO;HVI3;R13;HVI4;R01;8
V1805;G6;c.RISCO ALTO;HVI3;R13;HVI4;R02;8
V1805;G6;b.RISCO NEUTRO;HVI3;R13;HVI4;R02;8
V1805;G6;a.RISCO BAIXO;HVI3;R13;HVI4;R02;8
V1805;G6;c.RISCO ALTO;HVI3;R13;HVI4;R03;0
V1805;G6;b.RISCO NEUTRO;HVI3;R13;HVI4;R03;0
V1805;G6;a.RISCO BAIXO;HVI3;R13;HVI4;R03;5
V1805;G6;c.RISCO ALTO;HVI3;R13;HVI4;R04;0
V1805;G6;b.RISCO NEUTRO;HVI3;R13;HVI4;R04;0
V1805;G6;a.RISCO BAIXO;HVI3;R13;HVI4;R04;5
V1805;G6;c.RISCO ALTO;HVI3;R13;HVI4;R05;0
V1805;G6;b.RISCO NEUTRO;HVI3;R13;HVI4;R05;0
V1805;G6;a.RISCO BAIXO;HVI3;R13;HVI4;R05;5
V1805;G6;c.RISCO ALTO;HVI3;R13;HVI4;R06;0
V1805;G6;b.RISCO NEUTRO;HVI3;R13;HVI4;R06;0
V1805;G6;a.RISCO BAIXO;HVI3;R13;HVI4;R06;5
V1805;G6;c.RISCO ALTO;HVI3;R13;HVI4;R07;0
V1805;G6;b.RISCO NEUTRO;HVI3;R13;HVI4;R07;0
V1805;G6;a.RISCO BAIXO;HVI3;R13;HVI4;R07;5
V1805;G6;c.RISCO ALTO;HVI3;R13;HVI4;R08;0
V1805;G6;b.RISCO NEUTRO;HVI3;R13;HVI4;R08;0
V1805;G6;a.RISCO BAIXO;HVI3;R13;HVI4;R08;5
V1805;G6;c.RISCO ALTO;HVI3;R13;HVI4;R09;0
V1805;G6;b.RISCO NEUTRO;HVI3;R13;HVI4;R09;0
V1805;G6;a.RISCO BAIXO;HVI3;R13;HVI4;R09;5
V1805;G6;b.RISCO NEUTRO;HVI3;R13;HVI4;R10;0
V1805;G6;c.RISCO ALTO;HVI3;R13;HVI4;R10;0
V1805;G6;a.RISCO BAIXO;HVI3;R13;HVI4;R10;5
V1805;G6;c.RISCO ALTO;HVI3;R13;HVI4;R11;0
V1805;G6;b.RISCO NEUTRO;HVI3;R13;HVI4;R11;0
V1805;G6;a.RISCO BAIXO;HVI3;R13;HVI4;R11;5
V1805;G6;c.RISCO ALTO;HVI3;R13;HVI4;R12;0
V1805;G6;b.RISCO NEUTRO;HVI3;R13;HVI4;R12;0
V1805;G6;a.RISCO BAIXO;HVI3;R13;HVI4;R12;5
V1805;G6;c.RISCO ALTO;HVI3;R13;HVI4;R13;0
V1805;G6;b.RISCO NEUTRO;HVI3;R13;HVI4;R13;0
V1805;G6;a.RISCO BAIXO;HVI3;R13;HVI4;R13;5
V1805;G6;c.RISCO ALTO;HVI3;R13;HVI4;R14;0
V1805;G6;b.RISCO NEUTRO;HVI3;R13;HVI4;R14;0
V1805;G6;a.RISCO BAIXO;HVI3;R13;HVI4;R14;5
V1805;G6;c.RISCO ALTO;HVI3;R13;HVI4;R15;0
V1805;G6;b.RISCO NEUTRO;HVI3;R13;HVI4;R15;0
V1805;G6;a.RISCO BAIXO;HVI3;R13;HVI4;R15;5
V1805;G6;c.RISCO ALTO;HVI3;R13;HVI4;R16;0
V1805;G6;b.RISCO NEUTRO;HVI3;R13;HVI4;R16;0
V1805;G6;a.RISCO BAIXO;HVI3;R13;HVI4;R16;5
V1805;G6;c.RISCO ALTO;HVI3;R13;HVI4;R17;0
V1805;G6;b.RISCO NEUTRO;HVI3;R13;HVI4;R17;0
V1805;G6;a.RISCO BAIXO;HVI3;R13;HVI4;R17;5
V1805;G6;c.RISCO ALTO;HVI3;R13;HVI4;R18;0
V1805;G6;b.RISCO NEUTRO;HVI3;R13;HVI4;R18;0
V1805;G6;a.RISCO BAIXO;HVI3;R13;HVI4;R18;5
V1805;G6;c.RISCO ALTO;HVI3;R13;HVI4;R19;0
V1805;G6;b.RISCO NEUTRO;HVI3;R13;HVI4;R19;0
V1805;G6;a.RISCO BAIXO;HVI3;R13;HVI4;R19;5
V1805;G6;c.RISCO ALTO;HVI3;R13;HVI4;R20;0
V1805;G6;b.RISCO NEUTRO;HVI3;R13;HVI4;R20;0
V1805;G6;a.RISCO BAIXO;HVI3;R13;HVI4;R20;5
V1805;G6;c.RISCO ALTO;HVI3;R13;HVI4;R99;0
V1805;G6;b.RISCO NEUTRO;HVI3;R13;HVI4;R99;0
V1805;G6;a.RISCO BAIXO;HVI3;R13;HVI4;R99;5
V1805;G6;b.RISCO NEUTRO;HVI3;R14;HVI4;R01;8
V1805;G6;c.RISCO ALTO;HVI3;R14;HVI4;R01;8
V1805;G6;a.RISCO BAIXO;HVI3;R14;HVI4;R01;8
V1805;G6;c.RISCO ALTO;HVI3;R14;HVI4;R02;8
V1805;G6;b.RISCO NEUTRO;HVI3;R14;HVI4;R02;8
V1805;G6;a.RISCO BAIXO;HVI3;R14;HVI4;R02;8
V1805;G6;c.RISCO ALTO;HVI3;R14;HVI4;R03;0
V1805;G6;b.RISCO NEUTRO;HVI3;R14;HVI4;R03;0
V1805;G6;a.RISCO BAIXO;HVI3;R14;HVI4;R03;0
V1805;G6;c.RISCO ALTO;HVI3;R14;HVI4;R04;0
V1805;G6;b.RISCO NEUTRO;HVI3;R14;HVI4;R04;0
V1805;G6;a.RISCO BAIXO;HVI3;R14;HVI4;R04;0
V1805;G6;c.RISCO ALTO;HVI3;R14;HVI4;R05;0
V1805;G6;b.RISCO NEUTRO;HVI3;R14;HVI4;R05;0
V1805;G6;a.RISCO BAIXO;HVI3;R14;HVI4;R05;0
V1805;G6;c.RISCO ALTO;HVI3;R14;HVI4;R06;0
V1805;G6;b.RISCO NEUTRO;HVI3;R14;HVI4;R06;0
V1805;G6;a.RISCO BAIXO;HVI3;R14;HVI4;R06;0
V1805;G6;c.RISCO ALTO;HVI3;R14;HVI4;R07;0
V1805;G6;b.RISCO NEUTRO;HVI3;R14;HVI4;R07;0
V1805;G6;a.RISCO BAIXO;HVI3;R14;HVI4;R07;0
V1805;G6;c.RISCO ALTO;HVI3;R14;HVI4;R08;0
V1805;G6;b.RISCO NEUTRO;HVI3;R14;HVI4;R08;0
V1805;G6;a.RISCO BAIXO;HVI3;R14;HVI4;R08;0
V1805;G6;c.RISCO ALTO;HVI3;R14;HVI4;R09;0
V1805;G6;b.RISCO NEUTRO;HVI3;R14;HVI4;R09;0
V1805;G6;a.RISCO BAIXO;HVI3;R14;HVI4;R09;0
V1805;G6;c.RISCO ALTO;HVI3;R14;HVI4;R10;0
V1805;G6;b.RISCO NEUTRO;HVI3;R14;HVI4;R10;0
V1805;G6;a.RISCO BAIXO;HVI3;R14;HVI4;R10;0
V1805;G6;c.RISCO ALTO;HVI3;R14;HVI4;R11;0
V1805;G6;b.RISCO NEUTRO;HVI3;R14;HVI4;R11;0
V1805;G6;a.RISCO BAIXO;HVI3;R14;HVI4;R11;0
V1805;G6;c.RISCO ALTO;HVI3;R14;HVI4;R12;0
V1805;G6;b.RISCO NEUTRO;HVI3;R14;HVI4;R12;0
V1805;G6;a.RISCO BAIXO;HVI3;R14;HVI4;R12;0
V1805;G6;b.RISCO NEUTRO;HVI3;R14;HVI4;R13;0
V1805;G6;c.RISCO ALTO;HVI3;R14;HVI4;R13;0
V1805;G6;a.RISCO BAIXO;HVI3;R14;HVI4;R13;0
V1805;G6;c.RISCO ALTO;HVI3;R14;HVI4;R14;0
V1805;G6;b.RISCO NEUTRO;HVI3;R14;HVI4;R14;0
V1805;G6;a.RISCO BAIXO;HVI3;R14;HVI4;R14;0
V1805;G6;c.RISCO ALTO;HVI3;R14;HVI4;R15;0
V1805;G6;b.RISCO NEUTRO;HVI3;R14;HVI4;R15;0
V1805;G6;a.RISCO BAIXO;HVI3;R14;HVI4;R15;0
V1805;G6;c.RISCO ALTO;HVI3;R14;HVI4;R16;0
V1805;G6;b.RISCO NEUTRO;HVI3;R14;HVI4;R16;0
V1805;G6;a.RISCO BAIXO;HVI3;R14;HVI4;R16;0
V1805;G6;c.RISCO ALTO;HVI3;R14;HVI4;R17;0
V1805;G6;b.RISCO NEUTRO;HVI3;R14;HVI4;R17;0
V1805;G6;a.RISCO BAIXO;HVI3;R14;HVI4;R17;0
V1805;G6;c.RISCO ALTO;HVI3;R14;HVI4;R18;0
V1805;G6;b.RISCO NEUTRO;HVI3;R14;HVI4;R18;0
V1805;G6;a.RISCO BAIXO;HVI3;R14;HVI4;R18;0
V1805;G6;c.RISCO ALTO;HVI3;R14;HVI4;R19;0
V1805;G6;b.RISCO NEUTRO;HVI3;R14;HVI4;R19;0
V1805;G6;a.RISCO BAIXO;HVI3;R14;HVI4;R19;0
V1805;G6;c.RISCO ALTO;HVI3;R14;HVI4;R20;0
V1805;G6;b.RISCO NEUTRO;HVI3;R14;HVI4;R20;0
V1805;G6;a.RISCO BAIXO;HVI3;R14;HVI4;R20;0
V1805;G6;c.RISCO ALTO;HVI3;R14;HVI4;R99;0
V1805;G6;b.RISCO NEUTRO;HVI3;R14;HVI4;R99;0
V1805;G6;a.RISCO BAIXO;HVI3;R14;HVI4;R99;0
V1805;G6;c.RISCO ALTO;HVI3;R15;HVI4;R01;8
V1805;G6;b.RISCO NEUTRO;HVI3;R15;HVI4;R01;8
V1805;G6;a.RISCO BAIXO;HVI3;R15;HVI4;R01;8
V1805;G6;c.RISCO ALTO;HVI3;R15;HVI4;R02;8
V1805;G6;b.RISCO NEUTRO;HVI3;R15;HVI4;R02;8
V1805;G6;a.RISCO BAIXO;HVI3;R15;HVI4;R02;8
V1805;G6;c.RISCO ALTO;HVI3;R15;HVI4;R03;0
V1805;G6;b.RISCO NEUTRO;HVI3;R15;HVI4;R03;0
V1805;G6;a.RISCO BAIXO;HVI3;R15;HVI4;R03;0
V1805;G6;c.RISCO ALTO;HVI3;R15;HVI4;R04;0
V1805;G6;b.RISCO NEUTRO;HVI3;R15;HVI4;R04;0
V1805;G6;a.RISCO BAIXO;HVI3;R15;HVI4;R04;0
V1805;G6;c.RISCO ALTO;HVI3;R15;HVI4;R05;0
V1805;G6;b.RISCO NEUTRO;HVI3;R15;HVI4;R05;0
V1805;G6;a.RISCO BAIXO;HVI3;R15;HVI4;R05;0
V1805;G6;c.RISCO ALTO;HVI3;R15;HVI4;R06;0
V1805;G6;b.RISCO NEUTRO;HVI3;R15;HVI4;R06;0
V1805;G6;a.RISCO BAIXO;HVI3;R15;HVI4;R06;0
V1805;G6;c.RISCO ALTO;HVI3;R15;HVI4;R07;0
V1805;G6;b.RISCO NEUTRO;HVI3;R15;HVI4;R07;0
V1805;G6;a.RISCO BAIXO;HVI3;R15;HVI4;R07;0
V1805;G6;c.RISCO ALTO;HVI3;R15;HVI4;R08;0
V1805;G6;b.RISCO NEUTRO;HVI3;R15;HVI4;R08;0
V1805;G6;a.RISCO BAIXO;HVI3;R15;HVI4;R08;0
V1805;G6;c.RISCO ALTO;HVI3;R15;HVI4;R09;0
V1805;G6;b.RISCO NEUTRO;HVI3;R15;HVI4;R09;0
V1805;G6;a.RISCO BAIXO;HVI3;R15;HVI4;R09;0
V1805;G6;c.RISCO ALTO;HVI3;R15;HVI4;R10;0
V1805;G6;b.RISCO NEUTRO;HVI3;R15;HVI4;R10;0
V1805;G6;a.RISCO BAIXO;HVI3;R15;HVI4;R10;0
V1805;G6;c.RISCO ALTO;HVI3;R15;HVI4;R11;0
V1805;G6;b.RISCO NEUTRO;HVI3;R15;HVI4;R11;0
V1805;G6;a.RISCO BAIXO;HVI3;R15;HVI4;R11;0
V1805;G6;c.RISCO ALTO;HVI3;R15;HVI4;R12;0
V1805;G6;b.RISCO NEUTRO;HVI3;R15;HVI4;R12;0
V1805;G6;a.RISCO BAIXO;HVI3;R15;HVI4;R12;0
V1805;G6;c.RISCO ALTO;HVI3;R15;HVI4;R13;0
V1805;G6;b.RISCO NEUTRO;HVI3;R15;HVI4;R13;0
V1805;G6;a.RISCO BAIXO;HVI3;R15;HVI4;R13;0
V1805;G6;c.RISCO ALTO;HVI3;R15;HVI4;R14;0
V1805;G6;b.RISCO NEUTRO;HVI3;R15;HVI4;R14;0
V1805;G6;a.RISCO BAIXO;HVI3;R15;HVI4;R14;0
V1805;G6;c.RISCO ALTO;HVI3;R15;HVI4;R15;0
V1805;G6;b.RISCO NEUTRO;HVI3;R15;HVI4;R15;0
V1805;G6;a.RISCO BAIXO;HVI3;R15;HVI4;R15;0
V1805;G6;b.RISCO NEUTRO;HVI3;R15;HVI4;R16;0
V1805;G6;c.RISCO ALTO;HVI3;R15;HVI4;R16;0
V1805;G6;a.RISCO BAIXO;HVI3;R15;HVI4;R16;0
V1805;G6;c.RISCO ALTO;HVI3;R15;HVI4;R17;0
V1805;G6;b.RISCO NEUTRO;HVI3;R15;HVI4;R17;0
V1805;G6;a.RISCO BAIXO;HVI3;R15;HVI4;R17;0
V1805;G6;c.RISCO ALTO;HVI3;R15;HVI4;R18;0
V1805;G6;b.RISCO NEUTRO;HVI3;R15;HVI4;R18;0
V1805;G6;a.RISCO BAIXO;HVI3;R15;HVI4;R18;0
V1805;G6;c.RISCO ALTO;HVI3;R15;HVI4;R19;0
V1805;G6;b.RISCO NEUTRO;HVI3;R15;HVI4;R19;0
V1805;G6;a.RISCO BAIXO;HVI3;R15;HVI4;R19;0
V1805;G6;c.RISCO ALTO;HVI3;R15;HVI4;R20;0
V1805;G6;b.RISCO NEUTRO;HVI3;R15;HVI4;R20;0
V1805;G6;a.RISCO BAIXO;HVI3;R15;HVI4;R20;0
V1805;G6;c.RISCO ALTO;HVI3;R15;HVI4;R99;0
V1805;G6;b.RISCO NEUTRO;HVI3;R15;HVI4;R99;0
V1805;G6;a.RISCO BAIXO;HVI3;R15;HVI4;R99;0
V1805;G6;c.RISCO ALTO;HVI3;R16;HVI4;R01;8
V1805;G6;b.RISCO NEUTRO;HVI3;R16;HVI4;R01;8
V1805;G6;a.RISCO BAIXO;HVI3;R16;HVI4;R01;8
V1805;G6;c.RISCO ALTO;HVI3;R16;HVI4;R02;8
V1805;G6;b.RISCO NEUTRO;HVI3;R16;HVI4;R02;8
V1805;G6;a.RISCO BAIXO;HVI3;R16;HVI4;R02;8
V1805;G6;c.RISCO ALTO;HVI3;R16;HVI4;R03;0
V1805;G6;b.RISCO NEUTRO;HVI3;R16;HVI4;R03;0
V1805;G6;a.RISCO BAIXO;HVI3;R16;HVI4;R03;0
V1805;G6;c.RISCO ALTO;HVI3;R16;HVI4;R04;0
V1805;G6;b.RISCO NEUTRO;HVI3;R16;HVI4;R04;0
V1805;G6;a.RISCO BAIXO;HVI3;R16;HVI4;R04;0
V1805;G6;c.RISCO ALTO;HVI3;R16;HVI4;R05;0
V1805;G6;b.RISCO NEUTRO;HVI3;R16;HVI4;R05;0
V1805;G6;a.RISCO BAIXO;HVI3;R16;HVI4;R05;0
V1805;G6;c.RISCO ALTO;HVI3;R16;HVI4;R06;0
V1805;G6;b.RISCO NEUTRO;HVI3;R16;HVI4;R06;0
V1805;G6;a.RISCO BAIXO;HVI3;R16;HVI4;R06;0
V1805;G6;b.RISCO NEUTRO;HVI3;R16;HVI4;R07;0
V1805;G6;c.RISCO ALTO;HVI3;R16;HVI4;R07;0
V1805;G6;a.RISCO BAIXO;HVI3;R16;HVI4;R07;0
V1805;G6;c.RISCO ALTO;HVI3;R16;HVI4;R08;0
V1805;G6;b.RISCO NEUTRO;HVI3;R16;HVI4;R08;0
V1805;G6;a.RISCO BAIXO;HVI3;R16;HVI4;R08;0
V1805;G6;c.RISCO ALTO;HVI3;R16;HVI4;R09;0
V1805;G6;b.RISCO NEUTRO;HVI3;R16;HVI4;R09;0
V1805;G6;a.RISCO BAIXO;HVI3;R16;HVI4;R09;0
V1805;G6;c.RISCO ALTO;HVI3;R16;HVI4;R10;0
V1805;G6;b.RISCO NEUTRO;HVI3;R16;HVI4;R10;0
V1805;G6;a.RISCO BAIXO;HVI3;R16;HVI4;R10;0
V1805;G6;c.RISCO ALTO;HVI3;R16;HVI4;R11;0
V1805;G6;b.RISCO NEUTRO;HVI3;R16;HVI4;R11;0
V1805;G6;a.RISCO BAIXO;HVI3;R16;HVI4;R11;0
V1805;G6;c.RISCO ALTO;HVI3;R16;HVI4;R12;0
V1805;G6;b.RISCO NEUTRO;HVI3;R16;HVI4;R12;0
V1805;G6;a.RISCO BAIXO;HVI3;R16;HVI4;R12;0
V1805;G6;c.RISCO ALTO;HVI3;R16;HVI4;R13;0
V1805;G6;b.RISCO NEUTRO;HVI3;R16;HVI4;R13;0
V1805;G6;a.RISCO BAIXO;HVI3;R16;HVI4;R13;0
V1805;G6;c.RISCO ALTO;HVI3;R16;HVI4;R14;0
V1805;G6;b.RISCO NEUTRO;HVI3;R16;HVI4;R14;0
V1805;G6;a.RISCO BAIXO;HVI3;R16;HVI4;R14;0
V1805;G6;c.RISCO ALTO;HVI3;R16;HVI4;R15;0
V1805;G6;b.RISCO NEUTRO;HVI3;R16;HVI4;R15;0
V1805;G6;a.RISCO BAIXO;HVI3;R16;HVI4;R15;0
V1805;G6;c.RISCO ALTO;HVI3;R16;HVI4;R16;0
V1805;G6;b.RISCO NEUTRO;HVI3;R16;HVI4;R16;0
V1805;G6;a.RISCO BAIXO;HVI3;R16;HVI4;R16;0
V1805;G6;c.RISCO ALTO;HVI3;R16;HVI4;R17;0
V1805;G6;b.RISCO NEUTRO;HVI3;R16;HVI4;R17;0
V1805;G6;a.RISCO BAIXO;HVI3;R16;HVI4;R17;0
V1805;G6;c.RISCO ALTO;HVI3;R16;HVI4;R18;0
V1805;G6;b.RISCO NEUTRO;HVI3;R16;HVI4;R18;0
V1805;G6;a.RISCO BAIXO;HVI3;R16;HVI4;R18;0
V1805;G6;b.RISCO NEUTRO;HVI3;R16;HVI4;R19;0
V1805;G6;c.RISCO ALTO;HVI3;R16;HVI4;R19;0
V1805;G6;a.RISCO BAIXO;HVI3;R16;HVI4;R19;0
V1805;G6;c.RISCO ALTO;HVI3;R16;HVI4;R20;0
V1805;G6;b.RISCO NEUTRO;HVI3;R16;HVI4;R20;0
V1805;G6;a.RISCO BAIXO;HVI3;R16;HVI4;R20;0
V1805;G6;c.RISCO ALTO;HVI3;R16;HVI4;R99;0
V1805;G6;b.RISCO NEUTRO;HVI3;R16;HVI4;R99;0
V1805;G6;a.RISCO BAIXO;HVI3;R16;HVI4;R99;0
V1805;G6;c.RISCO ALTO;HVI3;R17;HVI4;R01;8
V1805;G6;b.RISCO NEUTRO;HVI3;R17;HVI4;R01;8
V1805;G6;a.RISCO BAIXO;HVI3;R17;HVI4;R01;8
V1805;G6;b.RISCO NEUTRO;HVI3;R17;HVI4;R02;8
V1805;G6;c.RISCO ALTO;HVI3;R17;HVI4;R02;8
V1805;G6;a.RISCO BAIXO;HVI3;R17;HVI4;R02;8
V1805;G6;c.RISCO ALTO;HVI3;R17;HVI4;R03;0
V1805;G6;b.RISCO NEUTRO;HVI3;R17;HVI4;R03;0
V1805;G6;a.RISCO BAIXO;HVI3;R17;HVI4;R03;0
V1805;G6;c.RISCO ALTO;HVI3;R17;HVI4;R04;0
V1805;G6;b.RISCO NEUTRO;HVI3;R17;HVI4;R04;0
V1805;G6;a.RISCO BAIXO;HVI3;R17;HVI4;R04;0
V1805;G6;c.RISCO ALTO;HVI3;R17;HVI4;R05;0
V1805;G6;b.RISCO NEUTRO;HVI3;R17;HVI4;R05;0
V1805;G6;a.RISCO BAIXO;HVI3;R17;HVI4;R05;0
V1805;G6;c.RISCO ALTO;HVI3;R17;HVI4;R06;0
V1805;G6;b.RISCO NEUTRO;HVI3;R17;HVI4;R06;0
V1805;G6;a.RISCO BAIXO;HVI3;R17;HVI4;R06;0
V1805;G6;c.RISCO ALTO;HVI3;R17;HVI4;R07;0
V1805;G6;b.RISCO NEUTRO;HVI3;R17;HVI4;R07;0
V1805;G6;a.RISCO BAIXO;HVI3;R17;HVI4;R07;0
V1805;G6;c.RISCO ALTO;HVI3;R17;HVI4;R08;0
V1805;G6;b.RISCO NEUTRO;HVI3;R17;HVI4;R08;0
V1805;G6;a.RISCO BAIXO;HVI3;R17;HVI4;R08;0
V1805;G6;c.RISCO ALTO;HVI3;R17;HVI4;R09;0
V1805;G6;b.RISCO NEUTRO;HVI3;R17;HVI4;R09;0
V1805;G6;a.RISCO BAIXO;HVI3;R17;HVI4;R09;0
V1805;G6;c.RISCO ALTO;HVI3;R17;HVI4;R10;0
V1805;G6;b.RISCO NEUTRO;HVI3;R17;HVI4;R10;0
V1805;G6;a.RISCO BAIXO;HVI3;R17;HVI4;R10;0
V1805;G6;c.RISCO ALTO;HVI3;R17;HVI4;R11;0
V1805;G6;b.RISCO NEUTRO;HVI3;R17;HVI4;R11;0
V1805;G6;a.RISCO BAIXO;HVI3;R17;HVI4;R11;0
V1805;G6;c.RISCO ALTO;HVI3;R17;HVI4;R12;0
V1805;G6;b.RISCO NEUTRO;HVI3;R17;HVI4;R12;0
V1805;G6;a.RISCO BAIXO;HVI3;R17;HVI4;R12;0
V1805;G6;c.RISCO ALTO;HVI3;R17;HVI4;R13;0
V1805;G6;b.RISCO NEUTRO;HVI3;R17;HVI4;R13;0
V1805;G6;a.RISCO BAIXO;HVI3;R17;HVI4;R13;0
V1805;G6;c.RISCO ALTO;HVI3;R17;HVI4;R14;0
V1805;G6;b.RISCO NEUTRO;HVI3;R17;HVI4;R14;0
V1805;G6;a.RISCO BAIXO;HVI3;R17;HVI4;R14;0
V1805;G6;c.RISCO ALTO;HVI3;R17;HVI4;R15;0
V1805;G6;b.RISCO NEUTRO;HVI3;R17;HVI4;R15;0
V1805;G6;a.RISCO BAIXO;HVI3;R17;HVI4;R15;0
V1805;G6;c.RISCO ALTO;HVI3;R17;HVI4;R16;0
V1805;G6;b.RISCO NEUTRO;HVI3;R17;HVI4;R16;0
V1805;G6;a.RISCO BAIXO;HVI3;R17;HVI4;R16;0
V1805;G6;c.RISCO ALTO;HVI3;R17;HVI4;R17;0
V1805;G6;b.RISCO NEUTRO;HVI3;R17;HVI4;R17;0
V1805;G6;a.RISCO BAIXO;HVI3;R17;HVI4;R17;0
V1805;G6;c.RISCO ALTO;HVI3;R17;HVI4;R18;0
V1805;G6;b.RISCO NEUTRO;HVI3;R17;HVI4;R18;0
V1805;G6;a.RISCO BAIXO;HVI3;R17;HVI4;R18;0
V1805;G6;c.RISCO ALTO;HVI3;R17;HVI4;R19;0
V1805;G6;b.RISCO NEUTRO;HVI3;R17;HVI4;R19;0
V1805;G6;a.RISCO BAIXO;HVI3;R17;HVI4;R19;0
V1805;G6;c.RISCO ALTO;HVI3;R17;HVI4;R20;0
V1805;G6;b.RISCO NEUTRO;HVI3;R17;HVI4;R20;0
V1805;G6;a.RISCO BAIXO;HVI3;R17;HVI4;R20;0
V1805;G6;c.RISCO ALTO;HVI3;R17;HVI4;R99;0
V1805;G6;b.RISCO NEUTRO;HVI3;R17;HVI4;R99;0
V1805;G6;a.RISCO BAIXO;HVI3;R17;HVI4;R99;0
V1805;G6;b.RISCO NEUTRO;HVI3;R18;HVI4;R01;8
V1805;G6;c.RISCO ALTO;HVI3;R18;HVI4;R01;8
V1805;G6;a.RISCO BAIXO;HVI3;R18;HVI4;R01;8
V1805;G6;c.RISCO ALTO;HVI3;R18;HVI4;R02;8
V1805;G6;b.RISCO NEUTRO;HVI3;R18;HVI4;R02;8
V1805;G6;a.RISCO BAIXO;HVI3;R18;HVI4;R02;8
V1805;G6;c.RISCO ALTO;HVI3;R18;HVI4;R03;0
V1805;G6;b.RISCO NEUTRO;HVI3;R18;HVI4;R03;0
V1805;G6;a.RISCO BAIXO;HVI3;R18;HVI4;R03;0
V1805;G6;c.RISCO ALTO;HVI3;R18;HVI4;R04;0
V1805;G6;b.RISCO NEUTRO;HVI3;R18;HVI4;R04;0
V1805;G6;a.RISCO BAIXO;HVI3;R18;HVI4;R04;0
V1805;G6;c.RISCO ALTO;HVI3;R18;HVI4;R05;0
V1805;G6;b.RISCO NEUTRO;HVI3;R18;HVI4;R05;0
V1805;G6;a.RISCO BAIXO;HVI3;R18;HVI4;R05;0
V1805;G6;c.RISCO ALTO;HVI3;R18;HVI4;R06;0
V1805;G6;b.RISCO NEUTRO;HVI3;R18;HVI4;R06;0
V1805;G6;a.RISCO BAIXO;HVI3;R18;HVI4;R06;0
V1805;G6;c.RISCO ALTO;HVI3;R18;HVI4;R07;0
V1805;G6;b.RISCO NEUTRO;HVI3;R18;HVI4;R07;0
V1805;G6;a.RISCO BAIXO;HVI3;R18;HVI4;R07;0
V1805;G6;c.RISCO ALTO;HVI3;R18;HVI4;R08;0
V1805;G6;b.RISCO NEUTRO;HVI3;R18;HVI4;R08;0
V1805;G6;a.RISCO BAIXO;HVI3;R18;HVI4;R08;0
V1805;G6;c.RISCO ALTO;HVI3;R18;HVI4;R09;0
V1805;G6;b.RISCO NEUTRO;HVI3;R18;HVI4;R09;0
V1805;G6;a.RISCO BAIXO;HVI3;R18;HVI4;R09;0
V1805;G6;c.RISCO ALTO;HVI3;R18;HVI4;R10;0
V1805;G6;b.RISCO NEUTRO;HVI3;R18;HVI4;R10;0
V1805;G6;a.RISCO BAIXO;HVI3;R18;HVI4;R10;0
V1805;G6;c.RISCO ALTO;HVI3;R18;HVI4;R11;0
V1805;G6;b.RISCO NEUTRO;HVI3;R18;HVI4;R11;0
V1805;G6;a.RISCO BAIXO;HVI3;R18;HVI4;R11;0
V1805;G6;c.RISCO ALTO;HVI3;R18;HVI4;R12;0
V1805;G6;b.RISCO NEUTRO;HVI3;R18;HVI4;R12;0
V1805;G6;a.RISCO BAIXO;HVI3;R18;HVI4;R12;0
V1805;G6;b.RISCO NEUTRO;HVI3;R18;HVI4;R13;0
V1805;G6;c.RISCO ALTO;HVI3;R18;HVI4;R13;0
V1805;G6;a.RISCO BAIXO;HVI3;R18;HVI4;R13;0
V1805;G6;c.RISCO ALTO;HVI3;R18;HVI4;R14;0
V1805;G6;b.RISCO NEUTRO;HVI3;R18;HVI4;R14;0
V1805;G6;a.RISCO BAIXO;HVI3;R18;HVI4;R14;0
V1805;G6;c.RISCO ALTO;HVI3;R18;HVI4;R15;0
V1805;G6;b.RISCO NEUTRO;HVI3;R18;HVI4;R15;0
V1805;G6;a.RISCO BAIXO;HVI3;R18;HVI4;R15;0
V1805;G6;c.RISCO ALTO;HVI3;R18;HVI4;R16;0
V1805;G6;b.RISCO NEUTRO;HVI3;R18;HVI4;R16;0
V1805;G6;a.RISCO BAIXO;HVI3;R18;HVI4;R16;0
V1805;G6;b.RISCO NEUTRO;HVI3;R18;HVI4;R17;0
V1805;G6;c.RISCO ALTO;HVI3;R18;HVI4;R17;0
V1805;G6;a.RISCO BAIXO;HVI3;R18;HVI4;R17;0
V1805;G6;c.RISCO ALTO;HVI3;R18;HVI4;R18;0
V1805;G6;b.RISCO NEUTRO;HVI3;R18;HVI4;R18;0
V1805;G6;a.RISCO BAIXO;HVI3;R18;HVI4;R18;0
V1805;G6;c.RISCO ALTO;HVI3;R18;HVI4;R19;0
V1805;G6;b.RISCO NEUTRO;HVI3;R18;HVI4;R19;0
V1805;G6;a.RISCO BAIXO;HVI3;R18;HVI4;R19;0
V1805;G6;c.RISCO ALTO;HVI3;R18;HVI4;R20;0
V1805;G6;b.RISCO NEUTRO;HVI3;R18;HVI4;R20;0
V1805;G6;a.RISCO BAIXO;HVI3;R18;HVI4;R20;0
V1805;G6;c.RISCO ALTO;HVI3;R18;HVI4;R99;0
V1805;G6;b.RISCO NEUTRO;HVI3;R18;HVI4;R99;0
V1805;G6;a.RISCO BAIXO;HVI3;R18;HVI4;R99;0
V1805;G6;c.RISCO ALTO;HVI3;R19;HVI4;R01;8
V1805;G6;b.RISCO NEUTRO;HVI3;R19;HVI4;R01;8
V1805;G6;a.RISCO BAIXO;HVI3;R19;HVI4;R01;8
V1805;G6;c.RISCO ALTO;HVI3;R19;HVI4;R02;8
V1805;G6;b.RISCO NEUTRO;HVI3;R19;HVI4;R02;8
V1805;G6;a.RISCO BAIXO;HVI3;R19;HVI4;R02;8
V1805;G6;c.RISCO ALTO;HVI3;R19;HVI4;R03;0
V1805;G6;b.RISCO NEUTRO;HVI3;R19;HVI4;R03;0
V1805;G6;a.RISCO BAIXO;HVI3;R19;HVI4;R03;0
V1805;G6;b.RISCO NEUTRO;HVI3;R19;HVI4;R04;0
V1805;G6;c.RISCO ALTO;HVI3;R19;HVI4;R04;0
V1805;G6;a.RISCO BAIXO;HVI3;R19;HVI4;R04;0
V1805;G6;c.RISCO ALTO;HVI3;R19;HVI4;R05;0
V1805;G6;b.RISCO NEUTRO;HVI3;R19;HVI4;R05;0
V1805;G6;a.RISCO BAIXO;HVI3;R19;HVI4;R05;0
V1805;G6;c.RISCO ALTO;HVI3;R19;HVI4;R06;0
V1805;G6;b.RISCO NEUTRO;HVI3;R19;HVI4;R06;0
V1805;G6;a.RISCO BAIXO;HVI3;R19;HVI4;R06;0
V1805;G6;c.RISCO ALTO;HVI3;R19;HVI4;R07;0
V1805;G6;b.RISCO NEUTRO;HVI3;R19;HVI4;R07;0
V1805;G6;a.RISCO BAIXO;HVI3;R19;HVI4;R07;0
V1805;G6;c.RISCO ALTO;HVI3;R19;HVI4;R08;0
V1805;G6;b.RISCO NEUTRO;HVI3;R19;HVI4;R08;0
V1805;G6;a.RISCO BAIXO;HVI3;R19;HVI4;R08;0
V1805;G6;c.RISCO ALTO;HVI3;R19;HVI4;R09;0
V1805;G6;b.RISCO NEUTRO;HVI3;R19;HVI4;R09;0
V1805;G6;a.RISCO BAIXO;HVI3;R19;HVI4;R09;0
V1805;G6;c.RISCO ALTO;HVI3;R19;HVI4;R10;0
V1805;G6;b.RISCO NEUTRO;HVI3;R19;HVI4;R10;0
V1805;G6;a.RISCO BAIXO;HVI3;R19;HVI4;R10;0
V1805;G6;c.RISCO ALTO;HVI3;R19;HVI4;R11;0
V1805;G6;b.RISCO NEUTRO;HVI3;R19;HVI4;R11;0
V1805;G6;a.RISCO BAIXO;HVI3;R19;HVI4;R11;0
V1805;G6;c.RISCO ALTO;HVI3;R19;HVI4;R12;0
V1805;G6;b.RISCO NEUTRO;HVI3;R19;HVI4;R12;0
V1805;G6;a.RISCO BAIXO;HVI3;R19;HVI4;R12;0
V1805;G6;c.RISCO ALTO;HVI3;R19;HVI4;R13;0
V1805;G6;b.RISCO NEUTRO;HVI3;R19;HVI4;R13;0
V1805;G6;a.RISCO BAIXO;HVI3;R19;HVI4;R13;0
V1805;G6;c.RISCO ALTO;HVI3;R19;HVI4;R14;0
V1805;G6;b.RISCO NEUTRO;HVI3;R19;HVI4;R14;0
V1805;G6;a.RISCO BAIXO;HVI3;R19;HVI4;R14;0
V1805;G6;c.RISCO ALTO;HVI3;R19;HVI4;R15;0
V1805;G6;b.RISCO NEUTRO;HVI3;R19;HVI4;R15;0
V1805;G6;a.RISCO BAIXO;HVI3;R19;HVI4;R15;0
V1805;G6;c.RISCO ALTO;HVI3;R19;HVI4;R16;0
V1805;G6;b.RISCO NEUTRO;HVI3;R19;HVI4;R16;0
V1805;G6;a.RISCO BAIXO;HVI3;R19;HVI4;R16;0
V1805;G6;c.RISCO ALTO;HVI3;R19;HVI4;R17;0
V1805;G6;b.RISCO NEUTRO;HVI3;R19;HVI4;R17;0
V1805;G6;a.RISCO BAIXO;HVI3;R19;HVI4;R17;0
V1805;G6;c.RISCO ALTO;HVI3;R19;HVI4;R18;0
V1805;G6;b.RISCO NEUTRO;HVI3;R19;HVI4;R18;0
V1805;G6;a.RISCO BAIXO;HVI3;R19;HVI4;R18;0
V1805;G6;c.RISCO ALTO;HVI3;R19;HVI4;R19;0
V1805;G6;b.RISCO NEUTRO;HVI3;R19;HVI4;R19;0
V1805;G6;a.RISCO BAIXO;HVI3;R19;HVI4;R19;0
V1805;G6;c.RISCO ALTO;HVI3;R19;HVI4;R20;0
V1805;G6;b.RISCO NEUTRO;HVI3;R19;HVI4;R20;0
V1805;G6;a.RISCO BAIXO;HVI3;R19;HVI4;R20;0
V1805;G6;c.RISCO ALTO;HVI3;R19;HVI4;R99;0
V1805;G6;b.RISCO NEUTRO;HVI3;R19;HVI4;R99;0
V1805;G6;a.RISCO BAIXO;HVI3;R19;HVI4;R99;0
V1805;G6;c.RISCO ALTO;HVI3;R20;HVI4;R01;8
V1805;G6;b.RISCO NEUTRO;HVI3;R20;HVI4;R01;8
V1805;G6;a.RISCO BAIXO;HVI3;R20;HVI4;R01;8
V1805;G6;c.RISCO ALTO;HVI3;R20;HVI4;R02;8
V1805;G6;b.RISCO NEUTRO;HVI3;R20;HVI4;R02;8
V1805;G6;a.RISCO BAIXO;HVI3;R20;HVI4;R02;8
V1805;G6;c.RISCO ALTO;HVI3;R20;HVI4;R03;0
V1805;G6;b.RISCO NEUTRO;HVI3;R20;HVI4;R03;0
V1805;G6;a.RISCO BAIXO;HVI3;R20;HVI4;R03;0
V1805;G6;c.RISCO ALTO;HVI3;R20;HVI4;R04;0
V1805;G6;b.RISCO NEUTRO;HVI3;R20;HVI4;R04;0
V1805;G6;a.RISCO BAIXO;HVI3;R20;HVI4;R04;0
V1805;G6;c.RISCO ALTO;HVI3;R20;HVI4;R05;0
V1805;G6;b.RISCO NEUTRO;HVI3;R20;HVI4;R05;0
V1805;G6;a.RISCO BAIXO;HVI3;R20;HVI4;R05;0
V1805;G6;c.RISCO ALTO;HVI3;R20;HVI4;R06;0
V1805;G6;b.RISCO NEUTRO;HVI3;R20;HVI4;R06;0
V1805;G6;a.RISCO BAIXO;HVI3;R20;HVI4;R06;0
V1805;G6;b.RISCO NEUTRO;HVI3;R20;HVI4;R07;0
V1805;G6;c.RISCO ALTO;HVI3;R20;HVI4;R07;0
V1805;G6;a.RISCO BAIXO;HVI3;R20;HVI4;R07;0
V1805;G6;c.RISCO ALTO;HVI3;R20;HVI4;R08;0
V1805;G6;b.RISCO NEUTRO;HVI3;R20;HVI4;R08;0
V1805;G6;a.RISCO BAIXO;HVI3;R20;HVI4;R08;0
V1805;G6;c.RISCO ALTO;HVI3;R20;HVI4;R09;0
V1805;G6;b.RISCO NEUTRO;HVI3;R20;HVI4;R09;0
V1805;G6;a.RISCO BAIXO;HVI3;R20;HVI4;R09;0
V1805;G6;c.RISCO ALTO;HVI3;R20;HVI4;R10;0
V1805;G6;b.RISCO NEUTRO;HVI3;R20;HVI4;R10;0
V1805;G6;a.RISCO BAIXO;HVI3;R20;HVI4;R10;0
V1805;G6;c.RISCO ALTO;HVI3;R20;HVI4;R11;0
V1805;G6;b.RISCO NEUTRO;HVI3;R20;HVI4;R11;0
V1805;G6;a.RISCO BAIXO;HVI3;R20;HVI4;R11;0
V1805;G6;c.RISCO ALTO;HVI3;R20;HVI4;R12;0
V1805;G6;b.RISCO NEUTRO;HVI3;R20;HVI4;R12;0
V1805;G6;a.RISCO BAIXO;HVI3;R20;HVI4;R12;0
V1805;G6;c.RISCO ALTO;HVI3;R20;HVI4;R13;0
V1805;G6;b.RISCO NEUTRO;HVI3;R20;HVI4;R13;0
V1805;G6;a.RISCO BAIXO;HVI3;R20;HVI4;R13;0
V1805;G6;c.RISCO ALTO;HVI3;R20;HVI4;R14;0
V1805;G6;b.RISCO NEUTRO;HVI3;R20;HVI4;R14;0
V1805;G6;a.RISCO BAIXO;HVI3;R20;HVI4;R14;0
V1805;G6;c.RISCO ALTO;HVI3;R20;HVI4;R15;0
V1805;G6;b.RISCO NEUTRO;HVI3;R20;HVI4;R15;0
V1805;G6;a.RISCO BAIXO;HVI3;R20;HVI4;R15;0
V1805;G6;c.RISCO ALTO;HVI3;R20;HVI4;R16;0
V1805;G6;b.RISCO NEUTRO;HVI3;R20;HVI4;R16;0
V1805;G6;a.RISCO BAIXO;HVI3;R20;HVI4;R16;0
V1805;G6;c.RISCO ALTO;HVI3;R20;HVI4;R17;0
V1805;G6;b.RISCO NEUTRO;HVI3;R20;HVI4;R17;0
V1805;G6;a.RISCO BAIXO;HVI3;R20;HVI4;R17;0
V1805;G6;c.RISCO ALTO;HVI3;R20;HVI4;R18;0
V1805;G6;b.RISCO NEUTRO;HVI3;R20;HVI4;R18;0
V1805;G6;a.RISCO BAIXO;HVI3;R20;HVI4;R18;0
V1805;G6;b.RISCO NEUTRO;HVI3;R20;HVI4;R19;0
V1805;G6;c.RISCO ALTO;HVI3;R20;HVI4;R19;0
V1805;G6;a.RISCO BAIXO;HVI3;R20;HVI4;R19;0
V1805;G6;c.RISCO ALTO;HVI3;R20;HVI4;R20;0
V1805;G6;b.RISCO NEUTRO;HVI3;R20;HVI4;R20;0
V1805;G6;a.RISCO BAIXO;HVI3;R20;HVI4;R20;0
V1805;G6;c.RISCO ALTO;HVI3;R20;HVI4;R99;0
V1805;G6;b.RISCO NEUTRO;HVI3;R20;HVI4;R99;0
V1805;G6;a.RISCO BAIXO;HVI3;R20;HVI4;R99;0
V1805;G6;c.RISCO ALTO;HVI3;R99;HVI4;R01;0
V1805;G6;b.RISCO NEUTRO;HVI3;R99;HVI4;R01;0
V1805;G6;a.RISCO BAIXO;HVI3;R99;HVI4;R01;0
V1805;G6;c.RISCO ALTO;HVI3;R99;HVI4;R02;0
V1805;G6;b.RISCO NEUTRO;HVI3;R99;HVI4;R02;0
V1805;G6;a.RISCO BAIXO;HVI3;R99;HVI4;R02;0
V1805;G6;c.RISCO ALTO;HVI3;R99;HVI4;R03;0
V1805;G6;b.RISCO NEUTRO;HVI3;R99;HVI4;R03;0
V1805;G6;a.RISCO BAIXO;HVI3;R99;HVI4;R03;0
V1805;G6;c.RISCO ALTO;HVI3;R99;HVI4;R04;0
V1805;G6;b.RISCO NEUTRO;HVI3;R99;HVI4;R04;0
V1805;G6;a.RISCO BAIXO;HVI3;R99;HVI4;R04;0
V1805;G6;c.RISCO ALTO;HVI3;R99;HVI4;R05;0
V1805;G6;b.RISCO NEUTRO;HVI3;R99;HVI4;R05;0
V1805;G6;a.RISCO BAIXO;HVI3;R99;HVI4;R05;0
V1805;G6;c.RISCO ALTO;HVI3;R99;HVI4;R06;0
V1805;G6;b.RISCO NEUTRO;HVI3;R99;HVI4;R06;0
V1805;G6;a.RISCO BAIXO;HVI3;R99;HVI4;R06;0
V1805;G6;c.RISCO ALTO;HVI3;R99;HVI4;R07;0
V1805;G6;b.RISCO NEUTRO;HVI3;R99;HVI4;R07;0
V1805;G6;a.RISCO BAIXO;HVI3;R99;HVI4;R07;0
V1805;G6;c.RISCO ALTO;HVI3;R99;HVI4;R08;0
V1805;G6;b.RISCO NEUTRO;HVI3;R99;HVI4;R08;0
V1805;G6;a.RISCO BAIXO;HVI3;R99;HVI4;R08;0
V1805;G6;c.RISCO ALTO;HVI3;R99;HVI4;R09;0
V1805;G6;b.RISCO NEUTRO;HVI3;R99;HVI4;R09;0
V1805;G6;a.RISCO BAIXO;HVI3;R99;HVI4;R09;0
V1805;G6;c.RISCO ALTO;HVI3;R99;HVI4;R10;0
V1805;G6;b.RISCO NEUTRO;HVI3;R99;HVI4;R10;0
V1805;G6;a.RISCO BAIXO;HVI3;R99;HVI4;R10;0
V1805;G6;c.RISCO ALTO;HVI3;R99;HVI4;R11;0
V1805;G6;b.RISCO NEUTRO;HVI3;R99;HVI4;R11;0
V1805;G6;a.RISCO BAIXO;HVI3;R99;HVI4;R11;0
V1805;G6;c.RISCO ALTO;HVI3;R99;HVI4;R12;0
V1805;G6;b.RISCO NEUTRO;HVI3;R99;HVI4;R12;0
V1805;G6;a.RISCO BAIXO;HVI3;R99;HVI4;R12;0
V1805;G6;c.RISCO ALTO;HVI3;R99;HVI4;R13;0
V1805;G6;b.RISCO NEUTRO;HVI3;R99;HVI4;R13;0
V1805;G6;a.RISCO BAIXO;HVI3;R99;HVI4;R13;0
V1805;G6;c.RISCO ALTO;HVI3;R99;HVI4;R14;0
V1805;G6;b.RISCO NEUTRO;HVI3;R99;HVI4;R14;0
V1805;G6;a.RISCO BAIXO;HVI3;R99;HVI4;R14;0
V1805;G6;c.RISCO ALTO;HVI3;R99;HVI4;R15;0
V1805;G6;b.RISCO NEUTRO;HVI3;R99;HVI4;R15;0
V1805;G6;a.RISCO BAIXO;HVI3;R99;HVI4;R15;0
V1805;G6;c.RISCO ALTO;HVI3;R99;HVI4;R16;0
V1805;G6;b.RISCO NEUTRO;HVI3;R99;HVI4;R16;0
V1805;G6;a.RISCO BAIXO;HVI3;R99;HVI4;R16;0
V1805;G6;c.RISCO ALTO;HVI3;R99;HVI4;R17;0
V1805;G6;b.RISCO NEUTRO;HVI3;R99;HVI4;R17;0
V1805;G6;a.RISCO BAIXO;HVI3;R99;HVI4;R17;0
V1805;G6;c.RISCO ALTO;HVI3;R99;HVI4;R18;0
V1805;G6;b.RISCO NEUTRO;HVI3;R99;HVI4;R18;0
V1805;G6;a.RISCO BAIXO;HVI3;R99;HVI4;R18;0
V1805;G6;c.RISCO ALTO;HVI3;R99;HVI4;R19;0
V1805;G6;b.RISCO NEUTRO;HVI3;R99;HVI4;R19;0
V1805;G6;a.RISCO BAIXO;HVI3;R99;HVI4;R19;0
V1805;G6;c.RISCO ALTO;HVI3;R99;HVI4;R20;0
V1805;G6;b.RISCO NEUTRO;HVI3;R99;HVI4;R20;0
V1805;G6;a.RISCO BAIXO;HVI3;R99;HVI4;R20;0
V1805;G6;c.RISCO ALTO;HVI3;R99;HVI4;R99;0
V1805;G6;b.RISCO NEUTRO;HVI3;R99;HVI4;R99;0
V1805;G6;a.RISCO BAIXO;HVI3;R99;HVI4;R99;0
V1805;G7;c.RISCO ALTO;HVI3;R01;G7 - BHV;R01;8
V1805;G7;b.RISCO NEUTRO;HVI3;R01;G7 - BHV;R01;8
V1805;G7;a.RISCO BAIXO;HVI3;R01;G7 - BHV;R01;8
V1805;G7;c.RISCO ALTO;HVI3;R01;G7 - BHV;R02;8
V1805;G7;b.RISCO NEUTRO;HVI3;R01;G7 - BHV;R02;8
V1805;G7;a.RISCO BAIXO;HVI3;R01;G7 - BHV;R02;8
V1805;G7;c.RISCO ALTO;HVI3;R01;G7 - BHV;R03;8
V1805;G7;b.RISCO NEUTRO;HVI3;R01;G7 - BHV;R03;8
V1805;G7;a.RISCO BAIXO;HVI3;R01;G7 - BHV;R03;8
V1805;G7;c.RISCO ALTO;HVI3;R01;G7 - BHV;R04;8
V1805;G7;b.RISCO NEUTRO;HVI3;R01;G7 - BHV;R04;8
V1805;G7;a.RISCO BAIXO;HVI3;R01;G7 - BHV;R04;8
V1805;G7;c.RISCO ALTO;HVI3;R01;G7 - BHV;R05;8
V1805;G7;b.RISCO NEUTRO;HVI3;R01;G7 - BHV;R05;8
V1805;G7;a.RISCO BAIXO;HVI3;R01;G7 - BHV;R05;8
V1805;G7;c.RISCO ALTO;HVI3;R01;G7 - BHV;R06;8
V1805;G7;b.RISCO NEUTRO;HVI3;R01;G7 - BHV;R06;8
V1805;G7;a.RISCO BAIXO;HVI3;R01;G7 - BHV;R06;8
V1805;G7;b.RISCO NEUTRO;HVI3;R01;G7 - BHV;R07;8
V1805;G7;c.RISCO ALTO;HVI3;R01;G7 - BHV;R07;8
V1805;G7;a.RISCO BAIXO;HVI3;R01;G7 - BHV;R07;8
V1805;G7;c.RISCO ALTO;HVI3;R01;G7 - BHV;R08;8
V1805;G7;b.RISCO NEUTRO;HVI3;R01;G7 - BHV;R08;8
V1805;G7;a.RISCO BAIXO;HVI3;R01;G7 - BHV;R08;8
V1805;G7;c.RISCO ALTO;HVI3;R01;G7 - BHV;R09;8
V1805;G7;b.RISCO NEUTRO;HVI3;R01;G7 - BHV;R09;8
V1805;G7;a.RISCO BAIXO;HVI3;R01;G7 - BHV;R09;8
V1805;G7;c.RISCO ALTO;HVI3;R01;G7 - BHV;R10;8
V1805;G7;b.RISCO NEUTRO;HVI3;R01;G7 - BHV;R10;8
V1805;G7;a.RISCO BAIXO;HVI3;R01;G7 - BHV;R10;8
V1805;G7;c.RISCO ALTO;HVI3;R01;G7 - BHV;R11;8
V1805;G7;b.RISCO NEUTRO;HVI3;R01;G7 - BHV;R11;8
V1805;G7;a.RISCO BAIXO;HVI3;R01;G7 - BHV;R11;8
V1805;G7;c.RISCO ALTO;HVI3;R01;G7 - BHV;R12;8
V1805;G7;b.RISCO NEUTRO;HVI3;R01;G7 - BHV;R12;8
V1805;G7;a.RISCO BAIXO;HVI3;R01;G7 - BHV;R12;8
V1805;G7;c.RISCO ALTO;HVI3;R01;G7 - BHV;R13;8
V1805;G7;b.RISCO NEUTRO;HVI3;R01;G7 - BHV;R13;8
V1805;G7;a.RISCO BAIXO;HVI3;R01;G7 - BHV;R13;8
V1805;G7;c.RISCO ALTO;HVI3;R01;G7 - BHV;R14;8
V1805;G7;b.RISCO NEUTRO;HVI3;R01;G7 - BHV;R14;8
V1805;G7;a.RISCO BAIXO;HVI3;R01;G7 - BHV;R14;8
V1805;G7;c.RISCO ALTO;HVI3;R01;G7 - BHV;R15;8
V1805;G7;b.RISCO NEUTRO;HVI3;R01;G7 - BHV;R15;8
V1805;G7;a.RISCO BAIXO;HVI3;R01;G7 - BHV;R15;8
V1805;G7;c.RISCO ALTO;HVI3;R01;G7 - BHV;R16;8
V1805;G7;b.RISCO NEUTRO;HVI3;R01;G7 - BHV;R16;8
V1805;G7;a.RISCO BAIXO;HVI3;R01;G7 - BHV;R16;8
V1805;G7;c.RISCO ALTO;HVI3;R01;G7 - BHV;R17;8
V1805;G7;b.RISCO NEUTRO;HVI3;R01;G7 - BHV;R17;8
V1805;G7;a.RISCO BAIXO;HVI3;R01;G7 - BHV;R17;8
V1805;G7;c.RISCO ALTO;HVI3;R01;G7 - BHV;R18;8
V1805;G7;b.RISCO NEUTRO;HVI3;R01;G7 - BHV;R18;8
V1805;G7;a.RISCO BAIXO;HVI3;R01;G7 - BHV;R18;8
V1805;G7;c.RISCO ALTO;HVI3;R01;G7 - BHV;R19;8
V1805;G7;b.RISCO NEUTRO;HVI3;R01;G7 - BHV;R19;8
V1805;G7;a.RISCO BAIXO;HVI3;R01;G7 - BHV;R19;8
V1805;G7;b.RISCO NEUTRO;HVI3;R01;G7 - BHV;R20;8
V1805;G7;c.RISCO ALTO;HVI3;R01;G7 - BHV;R20;8
V1805;G7;a.RISCO BAIXO;HVI3;R01;G7 - BHV;R20;8
V1805;G7;c.RISCO ALTO;HVI3;R01;G7 - BHV;R99;8
V1805;G7;b.RISCO NEUTRO;HVI3;R01;G7 - BHV;R99;8
V1805;G7;a.RISCO BAIXO;HVI3;R01;G7 - BHV;R99;8
V1805;G7;c.RISCO ALTO;HVI3;R02;G7 - BHV;R01;8
V1805;G7;b.RISCO NEUTRO;HVI3;R02;G7 - BHV;R01;8
V1805;G7;a.RISCO BAIXO;HVI3;R02;G7 - BHV;R01;8
V1805;G7;c.RISCO ALTO;HVI3;R02;G7 - BHV;R02;8
V1805;G7;b.RISCO NEUTRO;HVI3;R02;G7 - BHV;R02;8
V1805;G7;a.RISCO BAIXO;HVI3;R02;G7 - BHV;R02;8
V1805;G7;c.RISCO ALTO;HVI3;R02;G7 - BHV;R03;8
V1805;G7;b.RISCO NEUTRO;HVI3;R02;G7 - BHV;R03;8
V1805;G7;a.RISCO BAIXO;HVI3;R02;G7 - BHV;R03;8
V1805;G7;c.RISCO ALTO;HVI3;R02;G7 - BHV;R04;8
V1805;G7;b.RISCO NEUTRO;HVI3;R02;G7 - BHV;R04;8
V1805;G7;a.RISCO BAIXO;HVI3;R02;G7 - BHV;R04;8
V1805;G7;c.RISCO ALTO;HVI3;R02;G7 - BHV;R05;8
V1805;G7;b.RISCO NEUTRO;HVI3;R02;G7 - BHV;R05;8
V1805;G7;a.RISCO BAIXO;HVI3;R02;G7 - BHV;R05;8
V1805;G7;b.RISCO NEUTRO;HVI3;R02;G7 - BHV;R06;8
V1805;G7;c.RISCO ALTO;HVI3;R02;G7 - BHV;R06;8
V1805;G7;a.RISCO BAIXO;HVI3;R02;G7 - BHV;R06;8
V1805;G7;c.RISCO ALTO;HVI3;R02;G7 - BHV;R07;8
V1805;G7;b.RISCO NEUTRO;HVI3;R02;G7 - BHV;R07;8
V1805;G7;a.RISCO BAIXO;HVI3;R02;G7 - BHV;R07;8
V1805;G7;c.RISCO ALTO;HVI3;R02;G7 - BHV;R08;8
V1805;G7;b.RISCO NEUTRO;HVI3;R02;G7 - BHV;R08;8
V1805;G7;a.RISCO BAIXO;HVI3;R02;G7 - BHV;R08;8
V1805;G7;c.RISCO ALTO;HVI3;R02;G7 - BHV;R09;8
V1805;G7;b.RISCO NEUTRO;HVI3;R02;G7 - BHV;R09;8
V1805;G7;a.RISCO BAIXO;HVI3;R02;G7 - BHV;R09;8
V1805;G7;c.RISCO ALTO;HVI3;R02;G7 - BHV;R10;8
V1805;G7;b.RISCO NEUTRO;HVI3;R02;G7 - BHV;R10;8
V1805;G7;a.RISCO BAIXO;HVI3;R02;G7 - BHV;R10;8
V1805;G7;b.RISCO NEUTRO;HVI3;R02;G7 - BHV;R11;8
V1805;G7;c.RISCO ALTO;HVI3;R02;G7 - BHV;R11;8
V1805;G7;a.RISCO BAIXO;HVI3;R02;G7 - BHV;R11;8
V1805;G7;c.RISCO ALTO;HVI3;R02;G7 - BHV;R12;8
V1805;G7;b.RISCO NEUTRO;HVI3;R02;G7 - BHV;R12;8
V1805;G7;a.RISCO BAIXO;HVI3;R02;G7 - BHV;R12;8
V1805;G7;c.RISCO ALTO;HVI3;R02;G7 - BHV;R13;8
V1805;G7;b.RISCO NEUTRO;HVI3;R02;G7 - BHV;R13;8
V1805;G7;a.RISCO BAIXO;HVI3;R02;G7 - BHV;R13;8
V1805;G7;c.RISCO ALTO;HVI3;R02;G7 - BHV;R14;8
V1805;G7;b.RISCO NEUTRO;HVI3;R02;G7 - BHV;R14;8
V1805;G7;a.RISCO BAIXO;HVI3;R02;G7 - BHV;R14;8
V1805;G7;c.RISCO ALTO;HVI3;R02;G7 - BHV;R15;8
V1805;G7;b.RISCO NEUTRO;HVI3;R02;G7 - BHV;R15;8
V1805;G7;a.RISCO BAIXO;HVI3;R02;G7 - BHV;R15;8
V1805;G7;c.RISCO ALTO;HVI3;R02;G7 - BHV;R16;8
V1805;G7;b.RISCO NEUTRO;HVI3;R02;G7 - BHV;R16;8
V1805;G7;a.RISCO BAIXO;HVI3;R02;G7 - BHV;R16;8
V1805;G7;c.RISCO ALTO;HVI3;R02;G7 - BHV;R17;8
V1805;G7;b.RISCO NEUTRO;HVI3;R02;G7 - BHV;R17;8
V1805;G7;a.RISCO BAIXO;HVI3;R02;G7 - BHV;R17;8
V1805;G7;c.RISCO ALTO;HVI3;R02;G7 - BHV;R18;8
V1805;G7;b.RISCO NEUTRO;HVI3;R02;G7 - BHV;R18;8
V1805;G7;a.RISCO BAIXO;HVI3;R02;G7 - BHV;R18;8
V1805;G7;c.RISCO ALTO;HVI3;R02;G7 - BHV;R19;8
V1805;G7;b.RISCO NEUTRO;HVI3;R02;G7 - BHV;R19;8
V1805;G7;a.RISCO BAIXO;HVI3;R02;G7 - BHV;R19;8
V1805;G7;c.RISCO ALTO;HVI3;R02;G7 - BHV;R20;8
V1805;G7;b.RISCO NEUTRO;HVI3;R02;G7 - BHV;R20;8
V1805;G7;a.RISCO BAIXO;HVI3;R02;G7 - BHV;R20;8
V1805;G7;c.RISCO ALTO;HVI3;R02;G7 - BHV;R99;8
V1805;G7;b.RISCO NEUTRO;HVI3;R02;G7 - BHV;R99;8
V1805;G7;a.RISCO BAIXO;HVI3;R02;G7 - BHV;R99;8
V1805;G7;b.RISCO NEUTRO;HVI3;R03;G7 - BHV;R01;8
V1805;G7;c.RISCO ALTO;HVI3;R03;G7 - BHV;R01;8
V1805;G7;a.RISCO BAIXO;HVI3;R03;G7 - BHV;R01;8
V1805;G7;b.RISCO NEUTRO;HVI3;R03;G7 - BHV;R02;8
V1805;G7;c.RISCO ALTO;HVI3;R03;G7 - BHV;R02;8
V1805;G7;a.RISCO BAIXO;HVI3;R03;G7 - BHV;R02;8
V1805;G7;c.RISCO ALTO;HVI3;R03;G7 - BHV;R03;8
V1805;G7;b.RISCO NEUTRO;HVI3;R03;G7 - BHV;R03;8
V1805;G7;a.RISCO BAIXO;HVI3;R03;G7 - BHV;R03;8
V1805;G7;c.RISCO ALTO;HVI3;R03;G7 - BHV;R04;8
V1805;G7;b.RISCO NEUTRO;HVI3;R03;G7 - BHV;R04;8
V1805;G7;a.RISCO BAIXO;HVI3;R03;G7 - BHV;R04;8
V1805;G7;c.RISCO ALTO;HVI3;R03;G7 - BHV;R05;8
V1805;G7;b.RISCO NEUTRO;HVI3;R03;G7 - BHV;R05;8
V1805;G7;a.RISCO BAIXO;HVI3;R03;G7 - BHV;R05;8
V1805;G7;c.RISCO ALTO;HVI3;R03;G7 - BHV;R06;8
V1805;G7;b.RISCO NEUTRO;HVI3;R03;G7 - BHV;R06;8
V1805;G7;a.RISCO BAIXO;HVI3;R03;G7 - BHV;R06;8
V1805;G7;c.RISCO ALTO;HVI3;R03;G7 - BHV;R07;8
V1805;G7;b.RISCO NEUTRO;HVI3;R03;G7 - BHV;R07;8
V1805;G7;a.RISCO BAIXO;HVI3;R03;G7 - BHV;R07;8
V1805;G7;c.RISCO ALTO;HVI3;R03;G7 - BHV;R08;8
V1805;G7;b.RISCO NEUTRO;HVI3;R03;G7 - BHV;R08;8
V1805;G7;a.RISCO BAIXO;HVI3;R03;G7 - BHV;R08;8
V1805;G7;b.RISCO NEUTRO;HVI3;R03;G7 - BHV;R09;8
V1805;G7;c.RISCO ALTO;HVI3;R03;G7 - BHV;R09;8
V1805;G7;a.RISCO BAIXO;HVI3;R03;G7 - BHV;R09;8
V1805;G7;c.RISCO ALTO;HVI3;R03;G7 - BHV;R10;8
V1805;G7;b.RISCO NEUTRO;HVI3;R03;G7 - BHV;R10;8
V1805;G7;a.RISCO BAIXO;HVI3;R03;G7 - BHV;R10;8
V1805;G7;c.RISCO ALTO;HVI3;R03;G7 - BHV;R11;8
V1805;G7;b.RISCO NEUTRO;HVI3;R03;G7 - BHV;R11;8
V1805;G7;a.RISCO BAIXO;HVI3;R03;G7 - BHV;R11;8
V1805;G7;c.RISCO ALTO;HVI3;R03;G7 - BHV;R12;8
V1805;G7;b.RISCO NEUTRO;HVI3;R03;G7 - BHV;R12;8
V1805;G7;a.RISCO BAIXO;HVI3;R03;G7 - BHV;R12;8
V1805;G7;c.RISCO ALTO;HVI3;R03;G7 - BHV;R13;8
V1805;G7;b.RISCO NEUTRO;HVI3;R03;G7 - BHV;R13;8
V1805;G7;a.RISCO BAIXO;HVI3;R03;G7 - BHV;R13;8
V1805;G7;c.RISCO ALTO;HVI3;R03;G7 - BHV;R14;8
V1805;G7;b.RISCO NEUTRO;HVI3;R03;G7 - BHV;R14;8
V1805;G7;a.RISCO BAIXO;HVI3;R03;G7 - BHV;R14;8
V1805;G7;c.RISCO ALTO;HVI3;R03;G7 - BHV;R15;8
V1805;G7;b.RISCO NEUTRO;HVI3;R03;G7 - BHV;R15;8
V1805;G7;a.RISCO BAIXO;HVI3;R03;G7 - BHV;R15;8
V1805;G7;c.RISCO ALTO;HVI3;R03;G7 - BHV;R16;8
V1805;G7;b.RISCO NEUTRO;HVI3;R03;G7 - BHV;R16;8
V1805;G7;a.RISCO BAIXO;HVI3;R03;G7 - BHV;R16;8
V1805;G7;c.RISCO ALTO;HVI3;R03;G7 - BHV;R17;8
V1805;G7;b.RISCO NEUTRO;HVI3;R03;G7 - BHV;R17;8
V1805;G7;a.RISCO BAIXO;HVI3;R03;G7 - BHV;R17;8
V1805;G7;c.RISCO ALTO;HVI3;R03;G7 - BHV;R18;8
V1805;G7;b.RISCO NEUTRO;HVI3;R03;G7 - BHV;R18;8
V1805;G7;a.RISCO BAIXO;HVI3;R03;G7 - BHV;R18;8
V1805;G7;c.RISCO ALTO;HVI3;R03;G7 - BHV;R19;8
V1805;G7;b.RISCO NEUTRO;HVI3;R03;G7 - BHV;R19;8
V1805;G7;a.RISCO BAIXO;HVI3;R03;G7 - BHV;R19;8
V1805;G7;c.RISCO ALTO;HVI3;R03;G7 - BHV;R20;8
V1805;G7;b.RISCO NEUTRO;HVI3;R03;G7 - BHV;R20;8
V1805;G7;a.RISCO BAIXO;HVI3;R03;G7 - BHV;R20;8
V1805;G7;c.RISCO ALTO;HVI3;R03;G7 - BHV;R99;8
V1805;G7;b.RISCO NEUTRO;HVI3;R03;G7 - BHV;R99;8
V1805;G7;a.RISCO BAIXO;HVI3;R03;G7 - BHV;R99;8
V1805;G7;c.RISCO ALTO;HVI3;R04;G7 - BHV;R01;8
V1805;G7;b.RISCO NEUTRO;HVI3;R04;G7 - BHV;R01;8
V1805;G7;a.RISCO BAIXO;HVI3;R04;G7 - BHV;R01;8
V1805;G7;c.RISCO ALTO;HVI3;R04;G7 - BHV;R02;8
V1805;G7;b.RISCO NEUTRO;HVI3;R04;G7 - BHV;R02;8
V1805;G7;a.RISCO BAIXO;HVI3;R04;G7 - BHV;R02;8
V1805;G7;c.RISCO ALTO;HVI3;R04;G7 - BHV;R03;8
V1805;G7;b.RISCO NEUTRO;HVI3;R04;G7 - BHV;R03;8
V1805;G7;a.RISCO BAIXO;HVI3;R04;G7 - BHV;R03;8
V1805;G7;c.RISCO ALTO;HVI3;R04;G7 - BHV;R04;8
V1805;G7;b.RISCO NEUTRO;HVI3;R04;G7 - BHV;R04;8
V1805;G7;a.RISCO BAIXO;HVI3;R04;G7 - BHV;R04;8
V1805;G7;b.RISCO NEUTRO;HVI3;R04;G7 - BHV;R05;8
V1805;G7;c.RISCO ALTO;HVI3;R04;G7 - BHV;R05;8
V1805;G7;a.RISCO BAIXO;HVI3;R04;G7 - BHV;R05;8
V1805;G7;c.RISCO ALTO;HVI3;R04;G7 - BHV;R06;8
V1805;G7;b.RISCO NEUTRO;HVI3;R04;G7 - BHV;R06;8
V1805;G7;a.RISCO BAIXO;HVI3;R04;G7 - BHV;R06;8
V1805;G7;c.RISCO ALTO;HVI3;R04;G7 - BHV;R07;8
V1805;G7;b.RISCO NEUTRO;HVI3;R04;G7 - BHV;R07;8
V1805;G7;a.RISCO BAIXO;HVI3;R04;G7 - BHV;R07;8
V1805;G7;c.RISCO ALTO;HVI3;R04;G7 - BHV;R08;8
V1805;G7;b.RISCO NEUTRO;HVI3;R04;G7 - BHV;R08;8
V1805;G7;a.RISCO BAIXO;HVI3;R04;G7 - BHV;R08;8
V1805;G7;c.RISCO ALTO;HVI3;R04;G7 - BHV;R09;8
V1805;G7;b.RISCO NEUTRO;HVI3;R04;G7 - BHV;R09;8
V1805;G7;a.RISCO BAIXO;HVI3;R04;G7 - BHV;R09;8
V1805;G7;c.RISCO ALTO;HVI3;R04;G7 - BHV;R10;8
V1805;G7;b.RISCO NEUTRO;HVI3;R04;G7 - BHV;R10;8
V1805;G7;a.RISCO BAIXO;HVI3;R04;G7 - BHV;R10;8
V1805;G7;c.RISCO ALTO;HVI3;R04;G7 - BHV;R11;8
V1805;G7;b.RISCO NEUTRO;HVI3;R04;G7 - BHV;R11;8
V1805;G7;a.RISCO BAIXO;HVI3;R04;G7 - BHV;R11;8
V1805;G7;b.RISCO NEUTRO;HVI3;R04;G7 - BHV;R12;8
V1805;G7;c.RISCO ALTO;HVI3;R04;G7 - BHV;R12;8
V1805;G7;a.RISCO BAIXO;HVI3;R04;G7 - BHV;R12;8
V1805;G7;c.RISCO ALTO;HVI3;R04;G7 - BHV;R13;8
V1805;G7;b.RISCO NEUTRO;HVI3;R04;G7 - BHV;R13;8
V1805;G7;a.RISCO BAIXO;HVI3;R04;G7 - BHV;R13;8
V1805;G7;c.RISCO ALTO;HVI3;R04;G7 - BHV;R14;8
V1805;G7;b.RISCO NEUTRO;HVI3;R04;G7 - BHV;R14;8
V1805;G7;a.RISCO BAIXO;HVI3;R04;G7 - BHV;R14;8
V1805;G7;c.RISCO ALTO;HVI3;R04;G7 - BHV;R15;8
V1805;G7;b.RISCO NEUTRO;HVI3;R04;G7 - BHV;R15;8
V1805;G7;a.RISCO BAIXO;HVI3;R04;G7 - BHV;R15;8
V1805;G7;c.RISCO ALTO;HVI3;R04;G7 - BHV;R16;8
V1805;G7;b.RISCO NEUTRO;HVI3;R04;G7 - BHV;R16;8
V1805;G7;a.RISCO BAIXO;HVI3;R04;G7 - BHV;R16;8
V1805;G7;b.RISCO NEUTRO;HVI3;R04;G7 - BHV;R17;8
V1805;G7;c.RISCO ALTO;HVI3;R04;G7 - BHV;R17;8
V1805;G7;a.RISCO BAIXO;HVI3;R04;G7 - BHV;R17;8
V1805;G7;c.RISCO ALTO;HVI3;R04;G7 - BHV;R18;8
V1805;G7;b.RISCO NEUTRO;HVI3;R04;G7 - BHV;R18;8
V1805;G7;a.RISCO BAIXO;HVI3;R04;G7 - BHV;R18;8
V1805;G7;c.RISCO ALTO;HVI3;R04;G7 - BHV;R19;8
V1805;G7;b.RISCO NEUTRO;HVI3;R04;G7 - BHV;R19;8
V1805;G7;a.RISCO BAIXO;HVI3;R04;G7 - BHV;R19;8
V1805;G7;c.RISCO ALTO;HVI3;R04;G7 - BHV;R20;8
V1805;G7;b.RISCO NEUTRO;HVI3;R04;G7 - BHV;R20;8
V1805;G7;a.RISCO BAIXO;HVI3;R04;G7 - BHV;R20;8
V1805;G7;c.RISCO ALTO;HVI3;R04;G7 - BHV;R99;8
V1805;G7;b.RISCO NEUTRO;HVI3;R04;G7 - BHV;R99;8
V1805;G7;a.RISCO BAIXO;HVI3;R04;G7 - BHV;R99;8
V1805;G7;c.RISCO ALTO;HVI3;R05;G7 - BHV;R01;8
V1805;G7;b.RISCO NEUTRO;HVI3;R05;G7 - BHV;R01;8
V1805;G7;a.RISCO BAIXO;HVI3;R05;G7 - BHV;R01;8
V1805;G7;c.RISCO ALTO;HVI3;R05;G7 - BHV;R02;8
V1805;G7;b.RISCO NEUTRO;HVI3;R05;G7 - BHV;R02;8
V1805;G7;a.RISCO BAIXO;HVI3;R05;G7 - BHV;R02;8
V1805;G7;b.RISCO NEUTRO;HVI3;R05;G7 - BHV;R03;8
V1805;G7;c.RISCO ALTO;HVI3;R05;G7 - BHV;R03;8
V1805;G7;a.RISCO BAIXO;HVI3;R05;G7 - BHV;R03;8
V1805;G7;c.RISCO ALTO;HVI3;R05;G7 - BHV;R04;8
V1805;G7;b.RISCO NEUTRO;HVI3;R05;G7 - BHV;R04;8
V1805;G7;a.RISCO BAIXO;HVI3;R05;G7 - BHV;R04;8
V1805;G7;c.RISCO ALTO;HVI3;R05;G7 - BHV;R05;8
V1805;G7;b.RISCO NEUTRO;HVI3;R05;G7 - BHV;R05;8
V1805;G7;a.RISCO BAIXO;HVI3;R05;G7 - BHV;R05;8
V1805;G7;c.RISCO ALTO;HVI3;R05;G7 - BHV;R06;8
V1805;G7;b.RISCO NEUTRO;HVI3;R05;G7 - BHV;R06;8
V1805;G7;a.RISCO BAIXO;HVI3;R05;G7 - BHV;R06;8
V1805;G7;c.RISCO ALTO;HVI3;R05;G7 - BHV;R07;8
V1805;G7;b.RISCO NEUTRO;HVI3;R05;G7 - BHV;R07;8
V1805;G7;a.RISCO BAIXO;HVI3;R05;G7 - BHV;R07;8
V1805;G7;b.RISCO NEUTRO;HVI3;R05;G7 - BHV;R08;8
V1805;G7;c.RISCO ALTO;HVI3;R05;G7 - BHV;R08;8
V1805;G7;a.RISCO BAIXO;HVI3;R05;G7 - BHV;R08;8
V1805;G7;c.RISCO ALTO;HVI3;R05;G7 - BHV;R09;8
V1805;G7;b.RISCO NEUTRO;HVI3;R05;G7 - BHV;R09;8
V1805;G7;a.RISCO BAIXO;HVI3;R05;G7 - BHV;R09;8
V1805;G7;c.RISCO ALTO;HVI3;R05;G7 - BHV;R10;8
V1805;G7;b.RISCO NEUTRO;HVI3;R05;G7 - BHV;R10;8
V1805;G7;a.RISCO BAIXO;HVI3;R05;G7 - BHV;R10;8
V1805;G7;c.RISCO ALTO;HVI3;R05;G7 - BHV;R11;8
V1805;G7;b.RISCO NEUTRO;HVI3;R05;G7 - BHV;R11;8
V1805;G7;a.RISCO BAIXO;HVI3;R05;G7 - BHV;R11;8
V1805;G7;c.RISCO ALTO;HVI3;R05;G7 - BHV;R12;8
V1805;G7;b.RISCO NEUTRO;HVI3;R05;G7 - BHV;R12;8
V1805;G7;a.RISCO BAIXO;HVI3;R05;G7 - BHV;R12;8
V1805;G7;c.RISCO ALTO;HVI3;R05;G7 - BHV;R13;8
V1805;G7;b.RISCO NEUTRO;HVI3;R05;G7 - BHV;R13;8
V1805;G7;a.RISCO BAIXO;HVI3;R05;G7 - BHV;R13;8
V1805;G7;c.RISCO ALTO;HVI3;R05;G7 - BHV;R14;8
V1805;G7;b.RISCO NEUTRO;HVI3;R05;G7 - BHV;R14;8
V1805;G7;a.RISCO BAIXO;HVI3;R05;G7 - BHV;R14;8
V1805;G7;c.RISCO ALTO;HVI3;R05;G7 - BHV;R15;8
V1805;G7;b.RISCO NEUTRO;HVI3;R05;G7 - BHV;R15;8
V1805;G7;a.RISCO BAIXO;HVI3;R05;G7 - BHV;R15;8
V1805;G7;c.RISCO ALTO;HVI3;R05;G7 - BHV;R16;8
V1805;G7;b.RISCO NEUTRO;HVI3;R05;G7 - BHV;R16;8
V1805;G7;a.RISCO BAIXO;HVI3;R05;G7 - BHV;R16;8
V1805;G7;c.RISCO ALTO;HVI3;R05;G7 - BHV;R17;8
V1805;G7;b.RISCO NEUTRO;HVI3;R05;G7 - BHV;R17;8
V1805;G7;a.RISCO BAIXO;HVI3;R05;G7 - BHV;R17;8
V1805;G7;c.RISCO ALTO;HVI3;R05;G7 - BHV;R18;8
V1805;G7;b.RISCO NEUTRO;HVI3;R05;G7 - BHV;R18;8
V1805;G7;a.RISCO BAIXO;HVI3;R05;G7 - BHV;R18;8
V1805;G7;b.RISCO NEUTRO;HVI3;R05;G7 - BHV;R19;8
V1805;G7;c.RISCO ALTO;HVI3;R05;G7 - BHV;R19;8
V1805;G7;a.RISCO BAIXO;HVI3;R05;G7 - BHV;R19;8
V1805;G7;c.RISCO ALTO;HVI3;R05;G7 - BHV;R20;8
V1805;G7;b.RISCO NEUTRO;HVI3;R05;G7 - BHV;R20;8
V1805;G7;a.RISCO BAIXO;HVI3;R05;G7 - BHV;R20;8
V1805;G7;c.RISCO ALTO;HVI3;R05;G7 - BHV;R99;8
V1805;G7;b.RISCO NEUTRO;HVI3;R05;G7 - BHV;R99;8
V1805;G7;a.RISCO BAIXO;HVI3;R05;G7 - BHV;R99;8
V1805;G7;c.RISCO ALTO;HVI3;R06;G7 - BHV;R01;8
V1805;G7;b.RISCO NEUTRO;HVI3;R06;G7 - BHV;R01;8
V1805;G7;a.RISCO BAIXO;HVI3;R06;G7 - BHV;R01;8
V1805;G7;c.RISCO ALTO;HVI3;R06;G7 - BHV;R02;8
V1805;G7;b.RISCO NEUTRO;HVI3;R06;G7 - BHV;R02;8
V1805;G7;a.RISCO BAIXO;HVI3;R06;G7 - BHV;R02;8
V1805;G7;c.RISCO ALTO;HVI3;R06;G7 - BHV;R03;5
V1805;G7;b.RISCO NEUTRO;HVI3;R06;G7 - BHV;R03;5
V1805;G7;a.RISCO BAIXO;HVI3;R06;G7 - BHV;R03;5
V1805;G7;c.RISCO ALTO;HVI3;R06;G7 - BHV;R04;5
V1805;G7;b.RISCO NEUTRO;HVI3;R06;G7 - BHV;R04;5
V1805;G7;a.RISCO BAIXO;HVI3;R06;G7 - BHV;R04;5
V1805;G7;c.RISCO ALTO;HVI3;R06;G7 - BHV;R05;5
V1805;G7;b.RISCO NEUTRO;HVI3;R06;G7 - BHV;R05;5
V1805;G7;a.RISCO BAIXO;HVI3;R06;G7 - BHV;R05;5
V1805;G7;c.RISCO ALTO;HVI3;R06;G7 - BHV;R06;5
V1805;G7;b.RISCO NEUTRO;HVI3;R06;G7 - BHV;R06;5
V1805;G7;a.RISCO BAIXO;HVI3;R06;G7 - BHV;R06;5
V1805;G7;c.RISCO ALTO;HVI3;R06;G7 - BHV;R07;5
V1805;G7;b.RISCO NEUTRO;HVI3;R06;G7 - BHV;R07;5
V1805;G7;a.RISCO BAIXO;HVI3;R06;G7 - BHV;R07;5
V1805;G7;c.RISCO ALTO;HVI3;R06;G7 - BHV;R08;5
V1805;G7;b.RISCO NEUTRO;HVI3;R06;G7 - BHV;R08;5
V1805;G7;a.RISCO BAIXO;HVI3;R06;G7 - BHV;R08;5
V1805;G7;c.RISCO ALTO;HVI3;R06;G7 - BHV;R09;5
V1805;G7;b.RISCO NEUTRO;HVI3;R06;G7 - BHV;R09;5
V1805;G7;a.RISCO BAIXO;HVI3;R06;G7 - BHV;R09;5
V1805;G7;b.RISCO NEUTRO;HVI3;R06;G7 - BHV;R10;5
V1805;G7;c.RISCO ALTO;HVI3;R06;G7 - BHV;R10;5
V1805;G7;a.RISCO BAIXO;HVI3;R06;G7 - BHV;R10;5
V1805;G7;b.RISCO NEUTRO;HVI3;R06;G7 - BHV;R11;5
V1805;G7;c.RISCO ALTO;HVI3;R06;G7 - BHV;R11;5
V1805;G7;a.RISCO BAIXO;HVI3;R06;G7 - BHV;R11;5
V1805;G7;c.RISCO ALTO;HVI3;R06;G7 - BHV;R12;5
V1805;G7;b.RISCO NEUTRO;HVI3;R06;G7 - BHV;R12;5
V1805;G7;a.RISCO BAIXO;HVI3;R06;G7 - BHV;R12;5
V1805;G7;c.RISCO ALTO;HVI3;R06;G7 - BHV;R13;5
V1805;G7;b.RISCO NEUTRO;HVI3;R06;G7 - BHV;R13;5
V1805;G7;a.RISCO BAIXO;HVI3;R06;G7 - BHV;R13;5
V1805;G7;c.RISCO ALTO;HVI3;R06;G7 - BHV;R14;5
V1805;G7;b.RISCO NEUTRO;HVI3;R06;G7 - BHV;R14;5
V1805;G7;a.RISCO BAIXO;HVI3;R06;G7 - BHV;R14;5
V1805;G7;c.RISCO ALTO;HVI3;R06;G7 - BHV;R15;5
V1805;G7;b.RISCO NEUTRO;HVI3;R06;G7 - BHV;R15;5
V1805;G7;a.RISCO BAIXO;HVI3;R06;G7 - BHV;R15;5
V1805;G7;c.RISCO ALTO;HVI3;R06;G7 - BHV;R16;5
V1805;G7;b.RISCO NEUTRO;HVI3;R06;G7 - BHV;R16;5
V1805;G7;a.RISCO BAIXO;HVI3;R06;G7 - BHV;R16;5
V1805;G7;c.RISCO ALTO;HVI3;R06;G7 - BHV;R17;5
V1805;G7;b.RISCO NEUTRO;HVI3;R06;G7 - BHV;R17;5
V1805;G7;a.RISCO BAIXO;HVI3;R06;G7 - BHV;R17;5
V1805;G7;b.RISCO NEUTRO;HVI3;R06;G7 - BHV;R18;5
V1805;G7;c.RISCO ALTO;HVI3;R06;G7 - BHV;R18;5
V1805;G7;a.RISCO BAIXO;HVI3;R06;G7 - BHV;R18;5
V1805;G7;c.RISCO ALTO;HVI3;R06;G7 - BHV;R19;5
V1805;G7;b.RISCO NEUTRO;HVI3;R06;G7 - BHV;R19;5
V1805;G7;a.RISCO BAIXO;HVI3;R06;G7 - BHV;R19;5
V1805;G7;c.RISCO ALTO;HVI3;R06;G7 - BHV;R20;5
V1805;G7;b.RISCO NEUTRO;HVI3;R06;G7 - BHV;R20;5
V1805;G7;a.RISCO BAIXO;HVI3;R06;G7 - BHV;R20;5
V1805;G7;c.RISCO ALTO;HVI3;R06;G7 - BHV;R99;5
V1805;G7;b.RISCO NEUTRO;HVI3;R06;G7 - BHV;R99;5
V1805;G7;a.RISCO BAIXO;HVI3;R06;G7 - BHV;R99;5
V1805;G7;c.RISCO ALTO;HVI3;R07;G7 - BHV;R01;8
V1805;G7;b.RISCO NEUTRO;HVI3;R07;G7 - BHV;R01;8
V1805;G7;a.RISCO BAIXO;HVI3;R07;G7 - BHV;R01;8
V1805;G7;b.RISCO NEUTRO;HVI3;R07;G7 - BHV;R02;8
V1805;G7;c.RISCO ALTO;HVI3;R07;G7 - BHV;R02;8
V1805;G7;a.RISCO BAIXO;HVI3;R07;G7 - BHV;R02;8
V1805;G7;c.RISCO ALTO;HVI3;R07;G7 - BHV;R03;5
V1805;G7;b.RISCO NEUTRO;HVI3;R07;G7 - BHV;R03;5
V1805;G7;a.RISCO BAIXO;HVI3;R07;G7 - BHV;R03;5
V1805;G7;c.RISCO ALTO;HVI3;R07;G7 - BHV;R04;5
V1805;G7;b.RISCO NEUTRO;HVI3;R07;G7 - BHV;R04;5
V1805;G7;a.RISCO BAIXO;HVI3;R07;G7 - BHV;R04;5
V1805;G7;c.RISCO ALTO;HVI3;R07;G7 - BHV;R05;5
V1805;G7;b.RISCO NEUTRO;HVI3;R07;G7 - BHV;R05;5
V1805;G7;a.RISCO BAIXO;HVI3;R07;G7 - BHV;R05;5
V1805;G7;c.RISCO ALTO;HVI3;R07;G7 - BHV;R06;5
V1805;G7;b.RISCO NEUTRO;HVI3;R07;G7 - BHV;R06;5
V1805;G7;a.RISCO BAIXO;HVI3;R07;G7 - BHV;R06;5
V1805;G7;c.RISCO ALTO;HVI3;R07;G7 - BHV;R07;5
V1805;G7;b.RISCO NEUTRO;HVI3;R07;G7 - BHV;R07;5
V1805;G7;a.RISCO BAIXO;HVI3;R07;G7 - BHV;R07;5
V1805;G7;c.RISCO ALTO;HVI3;R07;G7 - BHV;R08;5
V1805;G7;b.RISCO NEUTRO;HVI3;R07;G7 - BHV;R08;5
V1805;G7;a.RISCO BAIXO;HVI3;R07;G7 - BHV;R08;5
V1805;G7;b.RISCO NEUTRO;HVI3;R07;G7 - BHV;R09;5
V1805;G7;c.RISCO ALTO;HVI3;R07;G7 - BHV;R09;5
V1805;G7;a.RISCO BAIXO;HVI3;R07;G7 - BHV;R09;5
V1805;G7;c.RISCO ALTO;HVI3;R07;G7 - BHV;R10;5
V1805;G7;b.RISCO NEUTRO;HVI3;R07;G7 - BHV;R10;5
V1805;G7;a.RISCO BAIXO;HVI3;R07;G7 - BHV;R10;5
V1805;G7;c.RISCO ALTO;HVI3;R07;G7 - BHV;R11;5
V1805;G7;b.RISCO NEUTRO;HVI3;R07;G7 - BHV;R11;5
V1805;G7;a.RISCO BAIXO;HVI3;R07;G7 - BHV;R11;5
V1805;G7;c.RISCO ALTO;HVI3;R07;G7 - BHV;R12;5
V1805;G7;b.RISCO NEUTRO;HVI3;R07;G7 - BHV;R12;5
V1805;G7;a.RISCO BAIXO;HVI3;R07;G7 - BHV;R12;5
V1805;G7;c.RISCO ALTO;HVI3;R07;G7 - BHV;R13;5
V1805;G7;b.RISCO NEUTRO;HVI3;R07;G7 - BHV;R13;5
V1805;G7;a.RISCO BAIXO;HVI3;R07;G7 - BHV;R13;5
V1805;G7;b.RISCO NEUTRO;HVI3;R07;G7 - BHV;R14;5
V1805;G7;c.RISCO ALTO;HVI3;R07;G7 - BHV;R14;5
V1805;G7;a.RISCO BAIXO;HVI3;R07;G7 - BHV;R14;5
V1805;G7;c.RISCO ALTO;HVI3;R07;G7 - BHV;R15;5
V1805;G7;b.RISCO NEUTRO;HVI3;R07;G7 - BHV;R15;5
V1805;G7;a.RISCO BAIXO;HVI3;R07;G7 - BHV;R15;5
V1805;G7;c.RISCO ALTO;HVI3;R07;G7 - BHV;R16;5
V1805;G7;b.RISCO NEUTRO;HVI3;R07;G7 - BHV;R16;5
V1805;G7;a.RISCO BAIXO;HVI3;R07;G7 - BHV;R16;5
V1805;G7;c.RISCO ALTO;HVI3;R07;G7 - BHV;R17;5
V1805;G7;b.RISCO NEUTRO;HVI3;R07;G7 - BHV;R17;5
V1805;G7;a.RISCO BAIXO;HVI3;R07;G7 - BHV;R17;5
V1805;G7;c.RISCO ALTO;HVI3;R07;G7 - BHV;R18;5
V1805;G7;b.RISCO NEUTRO;HVI3;R07;G7 - BHV;R18;5
V1805;G7;a.RISCO BAIXO;HVI3;R07;G7 - BHV;R18;5
V1805;G7;c.RISCO ALTO;HVI3;R07;G7 - BHV;R19;5
V1805;G7;b.RISCO NEUTRO;HVI3;R07;G7 - BHV;R19;5
V1805;G7;a.RISCO BAIXO;HVI3;R07;G7 - BHV;R19;5
V1805;G7;c.RISCO ALTO;HVI3;R07;G7 - BHV;R20;5
V1805;G7;b.RISCO NEUTRO;HVI3;R07;G7 - BHV;R20;5
V1805;G7;a.RISCO BAIXO;HVI3;R07;G7 - BHV;R20;5
V1805;G7;c.RISCO ALTO;HVI3;R07;G7 - BHV;R99;5
V1805;G7;b.RISCO NEUTRO;HVI3;R07;G7 - BHV;R99;5
V1805;G7;a.RISCO BAIXO;HVI3;R07;G7 - BHV;R99;5
V1805;G7;c.RISCO ALTO;HVI3;R08;G7 - BHV;R01;8
V1805;G7;b.RISCO NEUTRO;HVI3;R08;G7 - BHV;R01;8
V1805;G7;a.RISCO BAIXO;HVI3;R08;G7 - BHV;R01;8
V1805;G7;c.RISCO ALTO;HVI3;R08;G7 - BHV;R02;8
V1805;G7;b.RISCO NEUTRO;HVI3;R08;G7 - BHV;R02;8
V1805;G7;a.RISCO BAIXO;HVI3;R08;G7 - BHV;R02;8
V1805;G7;c.RISCO ALTO;HVI3;R08;G7 - BHV;R03;5
V1805;G7;b.RISCO NEUTRO;HVI3;R08;G7 - BHV;R03;5
V1805;G7;a.RISCO BAIXO;HVI3;R08;G7 - BHV;R03;5
V1805;G7;b.RISCO NEUTRO;HVI3;R08;G7 - BHV;R04;5
V1805;G7;c.RISCO ALTO;HVI3;R08;G7 - BHV;R04;5
V1805;G7;a.RISCO BAIXO;HVI3;R08;G7 - BHV;R04;5
V1805;G7;c.RISCO ALTO;HVI3;R08;G7 - BHV;R05;5
V1805;G7;b.RISCO NEUTRO;HVI3;R08;G7 - BHV;R05;5
V1805;G7;a.RISCO BAIXO;HVI3;R08;G7 - BHV;R05;5
V1805;G7;c.RISCO ALTO;HVI3;R08;G7 - BHV;R06;5
V1805;G7;b.RISCO NEUTRO;HVI3;R08;G7 - BHV;R06;5
V1805;G7;a.RISCO BAIXO;HVI3;R08;G7 - BHV;R06;5
V1805;G7;c.RISCO ALTO;HVI3;R08;G7 - BHV;R07;5
V1805;G7;b.RISCO NEUTRO;HVI3;R08;G7 - BHV;R07;5
V1805;G7;a.RISCO BAIXO;HVI3;R08;G7 - BHV;R07;5
V1805;G7;c.RISCO ALTO;HVI3;R08;G7 - BHV;R08;5
V1805;G7;b.RISCO NEUTRO;HVI3;R08;G7 - BHV;R08;5
V1805;G7;a.RISCO BAIXO;HVI3;R08;G7 - BHV;R08;5
V1805;G7;c.RISCO ALTO;HVI3;R08;G7 - BHV;R09;5
V1805;G7;b.RISCO NEUTRO;HVI3;R08;G7 - BHV;R09;5
V1805;G7;a.RISCO BAIXO;HVI3;R08;G7 - BHV;R09;5
V1805;G7;c.RISCO ALTO;HVI3;R08;G7 - BHV;R10;5
V1805;G7;b.RISCO NEUTRO;HVI3;R08;G7 - BHV;R10;5
V1805;G7;a.RISCO BAIXO;HVI3;R08;G7 - BHV;R10;5
V1805;G7;c.RISCO ALTO;HVI3;R08;G7 - BHV;R11;5
V1805;G7;b.RISCO NEUTRO;HVI3;R08;G7 - BHV;R11;5
V1805;G7;a.RISCO BAIXO;HVI3;R08;G7 - BHV;R11;5
V1805;G7;c.RISCO ALTO;HVI3;R08;G7 - BHV;R12;5
V1805;G7;b.RISCO NEUTRO;HVI3;R08;G7 - BHV;R12;5
V1805;G7;a.RISCO BAIXO;HVI3;R08;G7 - BHV;R12;5
V1805;G7;c.RISCO ALTO;HVI3;R08;G7 - BHV;R13;5
V1805;G7;b.RISCO NEUTRO;HVI3;R08;G7 - BHV;R13;5
V1805;G7;a.RISCO BAIXO;HVI3;R08;G7 - BHV;R13;5
V1805;G7;c.RISCO ALTO;HVI3;R08;G7 - BHV;R14;5
V1805;G7;b.RISCO NEUTRO;HVI3;R08;G7 - BHV;R14;5
V1805;G7;a.RISCO BAIXO;HVI3;R08;G7 - BHV;R14;5
V1805;G7;c.RISCO ALTO;HVI3;R08;G7 - BHV;R15;5
V1805;G7;b.RISCO NEUTRO;HVI3;R08;G7 - BHV;R15;5
V1805;G7;a.RISCO BAIXO;HVI3;R08;G7 - BHV;R15;5
V1805;G7;b.RISCO NEUTRO;HVI3;R08;G7 - BHV;R16;5
V1805;G7;c.RISCO ALTO;HVI3;R08;G7 - BHV;R16;5
V1805;G7;a.RISCO BAIXO;HVI3;R08;G7 - BHV;R16;5
V1805;G7;b.RISCO NEUTRO;HVI3;R08;G7 - BHV;R17;5
V1805;G7;c.RISCO ALTO;HVI3;R08;G7 - BHV;R17;5
V1805;G7;a.RISCO BAIXO;HVI3;R08;G7 - BHV;R17;5
V1805;G7;c.RISCO ALTO;HVI3;R08;G7 - BHV;R18;5
V1805;G7;b.RISCO NEUTRO;HVI3;R08;G7 - BHV;R18;5
V1805;G7;a.RISCO BAIXO;HVI3;R08;G7 - BHV;R18;5
V1805;G7;c.RISCO ALTO;HVI3;R08;G7 - BHV;R19;5
V1805;G7;b.RISCO NEUTRO;HVI3;R08;G7 - BHV;R19;5
V1805;G7;a.RISCO BAIXO;HVI3;R08;G7 - BHV;R19;5
V1805;G7;c.RISCO ALTO;HVI3;R08;G7 - BHV;R20;5
V1805;G7;b.RISCO NEUTRO;HVI3;R08;G7 - BHV;R20;5
V1805;G7;a.RISCO BAIXO;HVI3;R08;G7 - BHV;R20;5
V1805;G7;c.RISCO ALTO;HVI3;R08;G7 - BHV;R99;5
V1805;G7;b.RISCO NEUTRO;HVI3;R08;G7 - BHV;R99;5
V1805;G7;a.RISCO BAIXO;HVI3;R08;G7 - BHV;R99;5
V1805;G7;c.RISCO ALTO;HVI3;R09;G7 - BHV;R01;8
V1805;G7;b.RISCO NEUTRO;HVI3;R09;G7 - BHV;R01;8
V1805;G7;a.RISCO BAIXO;HVI3;R09;G7 - BHV;R01;8
V1805;G7;c.RISCO ALTO;HVI3;R09;G7 - BHV;R02;8
V1805;G7;b.RISCO NEUTRO;HVI3;R09;G7 - BHV;R02;8
V1805;G7;a.RISCO BAIXO;HVI3;R09;G7 - BHV;R02;8
V1805;G7;c.RISCO ALTO;HVI3;R09;G7 - BHV;R03;5
V1805;G7;b.RISCO NEUTRO;HVI3;R09;G7 - BHV;R03;5
V1805;G7;a.RISCO BAIXO;HVI3;R09;G7 - BHV;R03;5
V1805;G7;c.RISCO ALTO;HVI3;R09;G7 - BHV;R04;5
V1805;G7;b.RISCO NEUTRO;HVI3;R09;G7 - BHV;R04;5
V1805;G7;a.RISCO BAIXO;HVI3;R09;G7 - BHV;R04;5
V1805;G7;c.RISCO ALTO;HVI3;R09;G7 - BHV;R05;5
V1805;G7;b.RISCO NEUTRO;HVI3;R09;G7 - BHV;R05;5
V1805;G7;a.RISCO BAIXO;HVI3;R09;G7 - BHV;R05;5
V1805;G7;c.RISCO ALTO;HVI3;R09;G7 - BHV;R06;5
V1805;G7;b.RISCO NEUTRO;HVI3;R09;G7 - BHV;R06;5
V1805;G7;a.RISCO BAIXO;HVI3;R09;G7 - BHV;R06;5
V1805;G7;c.RISCO ALTO;HVI3;R09;G7 - BHV;R07;5
V1805;G7;b.RISCO NEUTRO;HVI3;R09;G7 - BHV;R07;5
V1805;G7;a.RISCO BAIXO;HVI3;R09;G7 - BHV;R07;5
V1805;G7;c.RISCO ALTO;HVI3;R09;G7 - BHV;R08;5
V1805;G7;b.RISCO NEUTRO;HVI3;R09;G7 - BHV;R08;5
V1805;G7;a.RISCO BAIXO;HVI3;R09;G7 - BHV;R08;5
V1805;G7;c.RISCO ALTO;HVI3;R09;G7 - BHV;R09;5
V1805;G7;b.RISCO NEUTRO;HVI3;R09;G7 - BHV;R09;5
V1805;G7;a.RISCO BAIXO;HVI3;R09;G7 - BHV;R09;5
V1805;G7;c.RISCO ALTO;HVI3;R09;G7 - BHV;R10;5
V1805;G7;b.RISCO NEUTRO;HVI3;R09;G7 - BHV;R10;5
V1805;G7;a.RISCO BAIXO;HVI3;R09;G7 - BHV;R10;5
V1805;G7;c.RISCO ALTO;HVI3;R09;G7 - BHV;R11;5
V1805;G7;b.RISCO NEUTRO;HVI3;R09;G7 - BHV;R11;5
V1805;G7;a.RISCO BAIXO;HVI3;R09;G7 - BHV;R11;5
V1805;G7;c.RISCO ALTO;HVI3;R09;G7 - BHV;R12;5
V1805;G7;b.RISCO NEUTRO;HVI3;R09;G7 - BHV;R12;5
V1805;G7;a.RISCO BAIXO;HVI3;R09;G7 - BHV;R12;5
V1805;G7;c.RISCO ALTO;HVI3;R09;G7 - BHV;R13;5
V1805;G7;b.RISCO NEUTRO;HVI3;R09;G7 - BHV;R13;5
V1805;G7;a.RISCO BAIXO;HVI3;R09;G7 - BHV;R13;5
V1805;G7;c.RISCO ALTO;HVI3;R09;G7 - BHV;R14;5
V1805;G7;b.RISCO NEUTRO;HVI3;R09;G7 - BHV;R14;5
V1805;G7;a.RISCO BAIXO;HVI3;R09;G7 - BHV;R14;5
V1805;G7;b.RISCO NEUTRO;HVI3;R09;G7 - BHV;R15;5
V1805;G7;c.RISCO ALTO;HVI3;R09;G7 - BHV;R15;5
V1805;G7;a.RISCO BAIXO;HVI3;R09;G7 - BHV;R15;5
V1805;G7;c.RISCO ALTO;HVI3;R09;G7 - BHV;R16;5
V1805;G7;b.RISCO NEUTRO;HVI3;R09;G7 - BHV;R16;5
V1805;G7;a.RISCO BAIXO;HVI3;R09;G7 - BHV;R16;5
V1805;G7;c.RISCO ALTO;HVI3;R09;G7 - BHV;R17;5
V1805;G7;b.RISCO NEUTRO;HVI3;R09;G7 - BHV;R17;5
V1805;G7;a.RISCO BAIXO;HVI3;R09;G7 - BHV;R17;5
V1805;G7;c.RISCO ALTO;HVI3;R09;G7 - BHV;R18;5
V1805;G7;b.RISCO NEUTRO;HVI3;R09;G7 - BHV;R18;5
V1805;G7;a.RISCO BAIXO;HVI3;R09;G7 - BHV;R18;5
V1805;G7;b.RISCO NEUTRO;HVI3;R09;G7 - BHV;R19;5
V1805;G7;c.RISCO ALTO;HVI3;R09;G7 - BHV;R19;5
V1805;G7;a.RISCO BAIXO;HVI3;R09;G7 - BHV;R19;5
V1805;G7;b.RISCO NEUTRO;HVI3;R09;G7 - BHV;R20;5
V1805;G7;c.RISCO ALTO;HVI3;R09;G7 - BHV;R20;5
V1805;G7;a.RISCO BAIXO;HVI3;R09;G7 - BHV;R20;5
V1805;G7;c.RISCO ALTO;HVI3;R09;G7 - BHV;R99;5
V1805;G7;b.RISCO NEUTRO;HVI3;R09;G7 - BHV;R99;5
V1805;G7;a.RISCO BAIXO;HVI3;R09;G7 - BHV;R99;5
V1805;G7;c.RISCO ALTO;HVI3;R10;G7 - BHV;R01;8
V1805;G7;b.RISCO NEUTRO;HVI3;R10;G7 - BHV;R01;8
V1805;G7;a.RISCO BAIXO;HVI3;R10;G7 - BHV;R01;8
V1805;G7;c.RISCO ALTO;HVI3;R10;G7 - BHV;R02;8
V1805;G7;b.RISCO NEUTRO;HVI3;R10;G7 - BHV;R02;8
V1805;G7;a.RISCO BAIXO;HVI3;R10;G7 - BHV;R02;8
V1805;G7;c.RISCO ALTO;HVI3;R10;G7 - BHV;R03;5
V1805;G7;b.RISCO NEUTRO;HVI3;R10;G7 - BHV;R03;5
V1805;G7;a.RISCO BAIXO;HVI3;R10;G7 - BHV;R03;5
V1805;G7;c.RISCO ALTO;HVI3;R10;G7 - BHV;R04;5
V1805;G7;b.RISCO NEUTRO;HVI3;R10;G7 - BHV;R04;5
V1805;G7;a.RISCO BAIXO;HVI3;R10;G7 - BHV;R04;5
V1805;G7;c.RISCO ALTO;HVI3;R10;G7 - BHV;R05;5
V1805;G7;b.RISCO NEUTRO;HVI3;R10;G7 - BHV;R05;5
V1805;G7;a.RISCO BAIXO;HVI3;R10;G7 - BHV;R05;5
V1805;G7;c.RISCO ALTO;HVI3;R10;G7 - BHV;R06;5
V1805;G7;b.RISCO NEUTRO;HVI3;R10;G7 - BHV;R06;5
V1805;G7;a.RISCO BAIXO;HVI3;R10;G7 - BHV;R06;5
V1805;G7;c.RISCO ALTO;HVI3;R10;G7 - BHV;R07;5
V1805;G7;b.RISCO NEUTRO;HVI3;R10;G7 - BHV;R07;5
V1805;G7;a.RISCO BAIXO;HVI3;R10;G7 - BHV;R07;5
V1805;G7;c.RISCO ALTO;HVI3;R10;G7 - BHV;R08;5
V1805;G7;b.RISCO NEUTRO;HVI3;R10;G7 - BHV;R08;5
V1805;G7;a.RISCO BAIXO;HVI3;R10;G7 - BHV;R08;5
V1805;G7;c.RISCO ALTO;HVI3;R10;G7 - BHV;R09;5
V1805;G7;b.RISCO NEUTRO;HVI3;R10;G7 - BHV;R09;5
V1805;G7;a.RISCO BAIXO;HVI3;R10;G7 - BHV;R09;5
V1805;G7;b.RISCO NEUTRO;HVI3;R10;G7 - BHV;R10;5
V1805;G7;c.RISCO ALTO;HVI3;R10;G7 - BHV;R10;5
V1805;G7;a.RISCO BAIXO;HVI3;R10;G7 - BHV;R10;5
V1805;G7;c.RISCO ALTO;HVI3;R10;G7 - BHV;R11;5
V1805;G7;b.RISCO NEUTRO;HVI3;R10;G7 - BHV;R11;5
V1805;G7;a.RISCO BAIXO;HVI3;R10;G7 - BHV;R11;5
V1805;G7;c.RISCO ALTO;HVI3;R10;G7 - BHV;R12;5
V1805;G7;b.RISCO NEUTRO;HVI3;R10;G7 - BHV;R12;5
V1805;G7;a.RISCO BAIXO;HVI3;R10;G7 - BHV;R12;5
V1805;G7;c.RISCO ALTO;HVI3;R10;G7 - BHV;R13;5
V1805;G7;b.RISCO NEUTRO;HVI3;R10;G7 - BHV;R13;5
V1805;G7;a.RISCO BAIXO;HVI3;R10;G7 - BHV;R13;5
V1805;G7;c.RISCO ALTO;HVI3;R10;G7 - BHV;R14;5
V1805;G7;b.RISCO NEUTRO;HVI3;R10;G7 - BHV;R14;5
V1805;G7;a.RISCO BAIXO;HVI3;R10;G7 - BHV;R14;5
V1805;G7;c.RISCO ALTO;HVI3;R10;G7 - BHV;R15;5
V1805;G7;b.RISCO NEUTRO;HVI3;R10;G7 - BHV;R15;5
V1805;G7;a.RISCO BAIXO;HVI3;R10;G7 - BHV;R15;5
V1805;G7;c.RISCO ALTO;HVI3;R10;G7 - BHV;R16;5
V1805;G7;b.RISCO NEUTRO;HVI3;R10;G7 - BHV;R16;5
V1805;G7;a.RISCO BAIXO;HVI3;R10;G7 - BHV;R16;5
V1805;G7;c.RISCO ALTO;HVI3;R10;G7 - BHV;R17;5
V1805;G7;b.RISCO NEUTRO;HVI3;R10;G7 - BHV;R17;5
V1805;G7;a.RISCO BAIXO;HVI3;R10;G7 - BHV;R17;5
V1805;G7;c.RISCO ALTO;HVI3;R10;G7 - BHV;R18;5
V1805;G7;b.RISCO NEUTRO;HVI3;R10;G7 - BHV;R18;5
V1805;G7;a.RISCO BAIXO;HVI3;R10;G7 - BHV;R18;5
V1805;G7;c.RISCO ALTO;HVI3;R10;G7 - BHV;R19;5
V1805;G7;b.RISCO NEUTRO;HVI3;R10;G7 - BHV;R19;5
V1805;G7;a.RISCO BAIXO;HVI3;R10;G7 - BHV;R19;5
V1805;G7;c.RISCO ALTO;HVI3;R10;G7 - BHV;R20;5
V1805;G7;b.RISCO NEUTRO;HVI3;R10;G7 - BHV;R20;5
V1805;G7;a.RISCO BAIXO;HVI3;R10;G7 - BHV;R20;5
V1805;G7;c.RISCO ALTO;HVI3;R10;G7 - BHV;R99;5
V1805;G7;b.RISCO NEUTRO;HVI3;R10;G7 - BHV;R99;5
V1805;G7;a.RISCO BAIXO;HVI3;R10;G7 - BHV;R99;5
V1805;G7;b.RISCO NEUTRO;HVI3;R11;G7 - BHV;R01;8
V1805;G7;c.RISCO ALTO;HVI3;R11;G7 - BHV;R01;8
V1805;G7;a.RISCO BAIXO;HVI3;R11;G7 - BHV;R01;8
V1805;G7;c.RISCO ALTO;HVI3;R11;G7 - BHV;R02;8
V1805;G7;b.RISCO NEUTRO;HVI3;R11;G7 - BHV;R02;8
V1805;G7;a.RISCO BAIXO;HVI3;R11;G7 - BHV;R02;8
V1805;G7;c.RISCO ALTO;HVI3;R11;G7 - BHV;R03;5
V1805;G7;b.RISCO NEUTRO;HVI3;R11;G7 - BHV;R03;5
V1805;G7;a.RISCO BAIXO;HVI3;R11;G7 - BHV;R03;5
V1805;G7;c.RISCO ALTO;HVI3;R11;G7 - BHV;R04;5
V1805;G7;b.RISCO NEUTRO;HVI3;R11;G7 - BHV;R04;5
V1805;G7;a.RISCO BAIXO;HVI3;R11;G7 - BHV;R04;5
V1805;G7;c.RISCO ALTO;HVI3;R11;G7 - BHV;R05;5
V1805;G7;b.RISCO NEUTRO;HVI3;R11;G7 - BHV;R05;5
V1805;G7;a.RISCO BAIXO;HVI3;R11;G7 - BHV;R05;5
V1805;G7;c.RISCO ALTO;HVI3;R11;G7 - BHV;R06;5
V1805;G7;b.RISCO NEUTRO;HVI3;R11;G7 - BHV;R06;5
V1805;G7;a.RISCO BAIXO;HVI3;R11;G7 - BHV;R06;5
V1805;G7;c.RISCO ALTO;HVI3;R11;G7 - BHV;R07;5
V1805;G7;b.RISCO NEUTRO;HVI3;R11;G7 - BHV;R07;5
V1805;G7;a.RISCO BAIXO;HVI3;R11;G7 - BHV;R07;5
V1805;G7;c.RISCO ALTO;HVI3;R11;G7 - BHV;R08;5
V1805;G7;b.RISCO NEUTRO;HVI3;R11;G7 - BHV;R08;5
V1805;G7;a.RISCO BAIXO;HVI3;R11;G7 - BHV;R08;5
V1805;G7;c.RISCO ALTO;HVI3;R11;G7 - BHV;R09;5
V1805;G7;b.RISCO NEUTRO;HVI3;R11;G7 - BHV;R09;5
V1805;G7;a.RISCO BAIXO;HVI3;R11;G7 - BHV;R09;5
V1805;G7;c.RISCO ALTO;HVI3;R11;G7 - BHV;R10;5
V1805;G7;b.RISCO NEUTRO;HVI3;R11;G7 - BHV;R10;5
V1805;G7;a.RISCO BAIXO;HVI3;R11;G7 - BHV;R10;5
V1805;G7;c.RISCO ALTO;HVI3;R11;G7 - BHV;R11;5
V1805;G7;b.RISCO NEUTRO;HVI3;R11;G7 - BHV;R11;5
V1805;G7;a.RISCO BAIXO;HVI3;R11;G7 - BHV;R11;5
V1805;G7;c.RISCO ALTO;HVI3;R11;G7 - BHV;R12;5
V1805;G7;b.RISCO NEUTRO;HVI3;R11;G7 - BHV;R12;5
V1805;G7;a.RISCO BAIXO;HVI3;R11;G7 - BHV;R12;5
V1805;G7;c.RISCO ALTO;HVI3;R11;G7 - BHV;R13;5
V1805;G7;b.RISCO NEUTRO;HVI3;R11;G7 - BHV;R13;5
V1805;G7;a.RISCO BAIXO;HVI3;R11;G7 - BHV;R13;5
V1805;G7;c.RISCO ALTO;HVI3;R11;G7 - BHV;R14;5
V1805;G7;b.RISCO NEUTRO;HVI3;R11;G7 - BHV;R14;5
V1805;G7;a.RISCO BAIXO;HVI3;R11;G7 - BHV;R14;5
V1805;G7;c.RISCO ALTO;HVI3;R11;G7 - BHV;R15;5
V1805;G7;b.RISCO NEUTRO;HVI3;R11;G7 - BHV;R15;5
V1805;G7;a.RISCO BAIXO;HVI3;R11;G7 - BHV;R15;5
V1805;G7;c.RISCO ALTO;HVI3;R11;G7 - BHV;R16;5
V1805;G7;b.RISCO NEUTRO;HVI3;R11;G7 - BHV;R16;5
V1805;G7;a.RISCO BAIXO;HVI3;R11;G7 - BHV;R16;5
V1805;G7;c.RISCO ALTO;HVI3;R11;G7 - BHV;R17;5
V1805;G7;b.RISCO NEUTRO;HVI3;R11;G7 - BHV;R17;5
V1805;G7;a.RISCO BAIXO;HVI3;R11;G7 - BHV;R17;5
V1805;G7;c.RISCO ALTO;HVI3;R11;G7 - BHV;R18;5
V1805;G7;b.RISCO NEUTRO;HVI3;R11;G7 - BHV;R18;5
V1805;G7;a.RISCO BAIXO;HVI3;R11;G7 - BHV;R18;5
V1805;G7;c.RISCO ALTO;HVI3;R11;G7 - BHV;R19;5
V1805;G7;b.RISCO NEUTRO;HVI3;R11;G7 - BHV;R19;5
V1805;G7;a.RISCO BAIXO;HVI3;R11;G7 - BHV;R19;5
V1805;G7;c.RISCO ALTO;HVI3;R11;G7 - BHV;R20;5
V1805;G7;b.RISCO NEUTRO;HVI3;R11;G7 - BHV;R20;5
V1805;G7;a.RISCO BAIXO;HVI3;R11;G7 - BHV;R20;5
V1805;G7;c.RISCO ALTO;HVI3;R11;G7 - BHV;R99;5
V1805;G7;b.RISCO NEUTRO;HVI3;R11;G7 - BHV;R99;5
V1805;G7;a.RISCO BAIXO;HVI3;R11;G7 - BHV;R99;5
V1805;G7;c.RISCO ALTO;HVI3;R12;G7 - BHV;R01;8
V1805;G7;b.RISCO NEUTRO;HVI3;R12;G7 - BHV;R01;8
V1805;G7;a.RISCO BAIXO;HVI3;R12;G7 - BHV;R01;8
V1805;G7;c.RISCO ALTO;HVI3;R12;G7 - BHV;R02;8
V1805;G7;b.RISCO NEUTRO;HVI3;R12;G7 - BHV;R02;8
V1805;G7;a.RISCO BAIXO;HVI3;R12;G7 - BHV;R02;8
V1805;G7;c.RISCO ALTO;HVI3;R12;G7 - BHV;R03;5
V1805;G7;b.RISCO NEUTRO;HVI3;R12;G7 - BHV;R03;5
V1805;G7;a.RISCO BAIXO;HVI3;R12;G7 - BHV;R03;5
V1805;G7;b.RISCO NEUTRO;HVI3;R12;G7 - BHV;R04;5
V1805;G7;c.RISCO ALTO;HVI3;R12;G7 - BHV;R04;5
V1805;G7;a.RISCO BAIXO;HVI3;R12;G7 - BHV;R04;5
V1805;G7;c.RISCO ALTO;HVI3;R12;G7 - BHV;R05;5
V1805;G7;b.RISCO NEUTRO;HVI3;R12;G7 - BHV;R05;5
V1805;G7;a.RISCO BAIXO;HVI3;R12;G7 - BHV;R05;5
V1805;G7;c.RISCO ALTO;HVI3;R12;G7 - BHV;R06;5
V1805;G7;b.RISCO NEUTRO;HVI3;R12;G7 - BHV;R06;5
V1805;G7;a.RISCO BAIXO;HVI3;R12;G7 - BHV;R06;5
V1805;G7;c.RISCO ALTO;HVI3;R12;G7 - BHV;R07;5
V1805;G7;b.RISCO NEUTRO;HVI3;R12;G7 - BHV;R07;5
V1805;G7;a.RISCO BAIXO;HVI3;R12;G7 - BHV;R07;5
V1805;G7;c.RISCO ALTO;HVI3;R12;G7 - BHV;R08;5
V1805;G7;b.RISCO NEUTRO;HVI3;R12;G7 - BHV;R08;5
V1805;G7;a.RISCO BAIXO;HVI3;R12;G7 - BHV;R08;5
V1805;G7;c.RISCO ALTO;HVI3;R12;G7 - BHV;R09;5
V1805;G7;b.RISCO NEUTRO;HVI3;R12;G7 - BHV;R09;5
V1805;G7;a.RISCO BAIXO;HVI3;R12;G7 - BHV;R09;5
V1805;G7;c.RISCO ALTO;HVI3;R12;G7 - BHV;R10;5
V1805;G7;b.RISCO NEUTRO;HVI3;R12;G7 - BHV;R10;5
V1805;G7;a.RISCO BAIXO;HVI3;R12;G7 - BHV;R10;5
V1805;G7;c.RISCO ALTO;HVI3;R12;G7 - BHV;R11;5
V1805;G7;b.RISCO NEUTRO;HVI3;R12;G7 - BHV;R11;5
V1805;G7;a.RISCO BAIXO;HVI3;R12;G7 - BHV;R11;5
V1805;G7;c.RISCO ALTO;HVI3;R12;G7 - BHV;R12;5
V1805;G7;b.RISCO NEUTRO;HVI3;R12;G7 - BHV;R12;5
V1805;G7;a.RISCO BAIXO;HVI3;R12;G7 - BHV;R12;5
V1805;G7;c.RISCO ALTO;HVI3;R12;G7 - BHV;R13;5
V1805;G7;b.RISCO NEUTRO;HVI3;R12;G7 - BHV;R13;5
V1805;G7;a.RISCO BAIXO;HVI3;R12;G7 - BHV;R13;5
V1805;G7;c.RISCO ALTO;HVI3;R12;G7 - BHV;R14;5
V1805;G7;b.RISCO NEUTRO;HVI3;R12;G7 - BHV;R14;5
V1805;G7;a.RISCO BAIXO;HVI3;R12;G7 - BHV;R14;5
V1805;G7;c.RISCO ALTO;HVI3;R12;G7 - BHV;R15;5
V1805;G7;b.RISCO NEUTRO;HVI3;R12;G7 - BHV;R15;5
V1805;G7;a.RISCO BAIXO;HVI3;R12;G7 - BHV;R15;5
V1805;G7;b.RISCO NEUTRO;HVI3;R12;G7 - BHV;R16;5
V1805;G7;c.RISCO ALTO;HVI3;R12;G7 - BHV;R16;5
V1805;G7;a.RISCO BAIXO;HVI3;R12;G7 - BHV;R16;5
V1805;G7;c.RISCO ALTO;HVI3;R12;G7 - BHV;R17;5
V1805;G7;b.RISCO NEUTRO;HVI3;R12;G7 - BHV;R17;5
V1805;G7;a.RISCO BAIXO;HVI3;R12;G7 - BHV;R17;5
V1805;G7;c.RISCO ALTO;HVI3;R12;G7 - BHV;R18;5
V1805;G7;b.RISCO NEUTRO;HVI3;R12;G7 - BHV;R18;5
V1805;G7;a.RISCO BAIXO;HVI3;R12;G7 - BHV;R18;5
V1805;G7;c.RISCO ALTO;HVI3;R12;G7 - BHV;R19;5
V1805;G7;b.RISCO NEUTRO;HVI3;R12;G7 - BHV;R19;5
V1805;G7;a.RISCO BAIXO;HVI3;R12;G7 - BHV;R19;5
V1805;G7;c.RISCO ALTO;HVI3;R12;G7 - BHV;R20;5
V1805;G7;b.RISCO NEUTRO;HVI3;R12;G7 - BHV;R20;5
V1805;G7;a.RISCO BAIXO;HVI3;R12;G7 - BHV;R20;5
V1805;G7;c.RISCO ALTO;HVI3;R12;G7 - BHV;R99;5
V1805;G7;b.RISCO NEUTRO;HVI3;R12;G7 - BHV;R99;5
V1805;G7;a.RISCO BAIXO;HVI3;R12;G7 - BHV;R99;5
V1805;G7;c.RISCO ALTO;HVI3;R13;G7 - BHV;R01;8
V1805;G7;b.RISCO NEUTRO;HVI3;R13;G7 - BHV;R01;8
V1805;G7;a.RISCO BAIXO;HVI3;R13;G7 - BHV;R01;8
V1805;G7;c.RISCO ALTO;HVI3;R13;G7 - BHV;R02;8
V1805;G7;b.RISCO NEUTRO;HVI3;R13;G7 - BHV;R02;8
V1805;G7;a.RISCO BAIXO;HVI3;R13;G7 - BHV;R02;8
V1805;G7;c.RISCO ALTO;HVI3;R13;G7 - BHV;R03;3
V1805;G7;b.RISCO NEUTRO;HVI3;R13;G7 - BHV;R03;3
V1805;G7;a.RISCO BAIXO;HVI3;R13;G7 - BHV;R03;3
V1805;G7;c.RISCO ALTO;HVI3;R13;G7 - BHV;R04;3
V1805;G7;b.RISCO NEUTRO;HVI3;R13;G7 - BHV;R04;3
V1805;G7;a.RISCO BAIXO;HVI3;R13;G7 - BHV;R04;3
V1805;G7;c.RISCO ALTO;HVI3;R13;G7 - BHV;R05;3
V1805;G7;b.RISCO NEUTRO;HVI3;R13;G7 - BHV;R05;3
V1805;G7;a.RISCO BAIXO;HVI3;R13;G7 - BHV;R05;3
V1805;G7;c.RISCO ALTO;HVI3;R13;G7 - BHV;R06;3
V1805;G7;b.RISCO NEUTRO;HVI3;R13;G7 - BHV;R06;3
V1805;G7;a.RISCO BAIXO;HVI3;R13;G7 - BHV;R06;3
V1805;G7;b.RISCO NEUTRO;HVI3;R13;G7 - BHV;R07;3
V1805;G7;c.RISCO ALTO;HVI3;R13;G7 - BHV;R07;3
V1805;G7;a.RISCO BAIXO;HVI3;R13;G7 - BHV;R07;3
V1805;G7;c.RISCO ALTO;HVI3;R13;G7 - BHV;R08;3
V1805;G7;b.RISCO NEUTRO;HVI3;R13;G7 - BHV;R08;3
V1805;G7;a.RISCO BAIXO;HVI3;R13;G7 - BHV;R08;3
V1805;G7;c.RISCO ALTO;HVI3;R13;G7 - BHV;R09;3
V1805;G7;b.RISCO NEUTRO;HVI3;R13;G7 - BHV;R09;3
V1805;G7;a.RISCO BAIXO;HVI3;R13;G7 - BHV;R09;3
V1805;G7;c.RISCO ALTO;HVI3;R13;G7 - BHV;R10;3
V1805;G7;b.RISCO NEUTRO;HVI3;R13;G7 - BHV;R10;3
V1805;G7;a.RISCO BAIXO;HVI3;R13;G7 - BHV;R10;3
V1805;G7;c.RISCO ALTO;HVI3;R13;G7 - BHV;R11;3
V1805;G7;b.RISCO NEUTRO;HVI3;R13;G7 - BHV;R11;3
V1805;G7;a.RISCO BAIXO;HVI3;R13;G7 - BHV;R11;3
V1805;G7;c.RISCO ALTO;HVI3;R13;G7 - BHV;R12;3
V1805;G7;b.RISCO NEUTRO;HVI3;R13;G7 - BHV;R12;3
V1805;G7;a.RISCO BAIXO;HVI3;R13;G7 - BHV;R12;3
V1805;G7;c.RISCO ALTO;HVI3;R13;G7 - BHV;R13;3
V1805;G7;b.RISCO NEUTRO;HVI3;R13;G7 - BHV;R13;3
V1805;G7;a.RISCO BAIXO;HVI3;R13;G7 - BHV;R13;3
V1805;G7;c.RISCO ALTO;HVI3;R13;G7 - BHV;R14;3
V1805;G7;b.RISCO NEUTRO;HVI3;R13;G7 - BHV;R14;3
V1805;G7;a.RISCO BAIXO;HVI3;R13;G7 - BHV;R14;3
V1805;G7;c.RISCO ALTO;HVI3;R13;G7 - BHV;R15;3
V1805;G7;b.RISCO NEUTRO;HVI3;R13;G7 - BHV;R15;3
V1805;G7;a.RISCO BAIXO;HVI3;R13;G7 - BHV;R15;3
V1805;G7;c.RISCO ALTO;HVI3;R13;G7 - BHV;R16;3
V1805;G7;b.RISCO NEUTRO;HVI3;R13;G7 - BHV;R16;3
V1805;G7;a.RISCO BAIXO;HVI3;R13;G7 - BHV;R16;3
V1805;G7;c.RISCO ALTO;HVI3;R13;G7 - BHV;R17;3
V1805;G7;b.RISCO NEUTRO;HVI3;R13;G7 - BHV;R17;3
V1805;G7;a.RISCO BAIXO;HVI3;R13;G7 - BHV;R17;3
V1805;G7;c.RISCO ALTO;HVI3;R13;G7 - BHV;R18;3
V1805;G7;b.RISCO NEUTRO;HVI3;R13;G7 - BHV;R18;3
V1805;G7;a.RISCO BAIXO;HVI3;R13;G7 - BHV;R18;3
V1805;G7;c.RISCO ALTO;HVI3;R13;G7 - BHV;R19;3
V1805;G7;b.RISCO NEUTRO;HVI3;R13;G7 - BHV;R19;3
V1805;G7;a.RISCO BAIXO;HVI3;R13;G7 - BHV;R19;3
V1805;G7;c.RISCO ALTO;HVI3;R13;G7 - BHV;R20;0
V1805;G7;b.RISCO NEUTRO;HVI3;R13;G7 - BHV;R20;0
V1805;G7;a.RISCO BAIXO;HVI3;R13;G7 - BHV;R20;3
V1805;G7;c.RISCO ALTO;HVI3;R13;G7 - BHV;R99;5
V1805;G7;b.RISCO NEUTRO;HVI3;R13;G7 - BHV;R99;5
V1805;G7;a.RISCO BAIXO;HVI3;R13;G7 - BHV;R99;5
V1805;G7;c.RISCO ALTO;HVI3;R14;G7 - BHV;R01;8
V1805;G7;b.RISCO NEUTRO;HVI3;R14;G7 - BHV;R01;8
V1805;G7;a.RISCO BAIXO;HVI3;R14;G7 - BHV;R01;8
V1805;G7;c.RISCO ALTO;HVI3;R14;G7 - BHV;R02;8
V1805;G7;b.RISCO NEUTRO;HVI3;R14;G7 - BHV;R02;8
V1805;G7;a.RISCO BAIXO;HVI3;R14;G7 - BHV;R02;8
V1805;G7;c.RISCO ALTO;HVI3;R14;G7 - BHV;R03;3
V1805;G7;b.RISCO NEUTRO;HVI3;R14;G7 - BHV;R03;3
V1805;G7;a.RISCO BAIXO;HVI3;R14;G7 - BHV;R03;3
V1805;G7;c.RISCO ALTO;HVI3;R14;G7 - BHV;R04;3
V1805;G7;b.RISCO NEUTRO;HVI3;R14;G7 - BHV;R04;3
V1805;G7;a.RISCO BAIXO;HVI3;R14;G7 - BHV;R04;3
V1805;G7;c.RISCO ALTO;HVI3;R14;G7 - BHV;R05;3
V1805;G7;b.RISCO NEUTRO;HVI3;R14;G7 - BHV;R05;3
V1805;G7;a.RISCO BAIXO;HVI3;R14;G7 - BHV;R05;3
V1805;G7;c.RISCO ALTO;HVI3;R14;G7 - BHV;R06;3
V1805;G7;b.RISCO NEUTRO;HVI3;R14;G7 - BHV;R06;3
V1805;G7;a.RISCO BAIXO;HVI3;R14;G7 - BHV;R06;3
V1805;G7;c.RISCO ALTO;HVI3;R14;G7 - BHV;R07;3
V1805;G7;b.RISCO NEUTRO;HVI3;R14;G7 - BHV;R07;3
V1805;G7;a.RISCO BAIXO;HVI3;R14;G7 - BHV;R07;3
V1805;G7;c.RISCO ALTO;HVI3;R14;G7 - BHV;R08;3
V1805;G7;b.RISCO NEUTRO;HVI3;R14;G7 - BHV;R08;3
V1805;G7;a.RISCO BAIXO;HVI3;R14;G7 - BHV;R08;3
V1805;G7;c.RISCO ALTO;HVI3;R14;G7 - BHV;R09;3
V1805;G7;b.RISCO NEUTRO;HVI3;R14;G7 - BHV;R09;3
V1805;G7;a.RISCO BAIXO;HVI3;R14;G7 - BHV;R09;3
V1805;G7;b.RISCO NEUTRO;HVI3;R14;G7 - BHV;R10;3
V1805;G7;c.RISCO ALTO;HVI3;R14;G7 - BHV;R10;3
V1805;G7;a.RISCO BAIXO;HVI3;R14;G7 - BHV;R10;3
V1805;G7;c.RISCO ALTO;HVI3;R14;G7 - BHV;R11;3
V1805;G7;b.RISCO NEUTRO;HVI3;R14;G7 - BHV;R11;3
V1805;G7;a.RISCO BAIXO;HVI3;R14;G7 - BHV;R11;3
V1805;G7;c.RISCO ALTO;HVI3;R14;G7 - BHV;R12;3
V1805;G7;b.RISCO NEUTRO;HVI3;R14;G7 - BHV;R12;3
V1805;G7;a.RISCO BAIXO;HVI3;R14;G7 - BHV;R12;3
V1805;G7;c.RISCO ALTO;HVI3;R14;G7 - BHV;R13;3
V1805;G7;b.RISCO NEUTRO;HVI3;R14;G7 - BHV;R13;3
V1805;G7;a.RISCO BAIXO;HVI3;R14;G7 - BHV;R13;3
V1805;G7;c.RISCO ALTO;HVI3;R14;G7 - BHV;R14;3
V1805;G7;b.RISCO NEUTRO;HVI3;R14;G7 - BHV;R14;3
V1805;G7;a.RISCO BAIXO;HVI3;R14;G7 - BHV;R14;3
V1805;G7;c.RISCO ALTO;HVI3;R14;G7 - BHV;R15;3
V1805;G7;b.RISCO NEUTRO;HVI3;R14;G7 - BHV;R15;3
V1805;G7;a.RISCO BAIXO;HVI3;R14;G7 - BHV;R15;3
V1805;G7;c.RISCO ALTO;HVI3;R14;G7 - BHV;R16;3
V1805;G7;b.RISCO NEUTRO;HVI3;R14;G7 - BHV;R16;3
V1805;G7;a.RISCO BAIXO;HVI3;R14;G7 - BHV;R16;3
V1805;G7;c.RISCO ALTO;HVI3;R14;G7 - BHV;R17;3
V1805;G7;b.RISCO NEUTRO;HVI3;R14;G7 - BHV;R17;3
V1805;G7;a.RISCO BAIXO;HVI3;R14;G7 - BHV;R17;3
V1805;G7;b.RISCO NEUTRO;HVI3;R14;G7 - BHV;R18;3
V1805;G7;c.RISCO ALTO;HVI3;R14;G7 - BHV;R18;3
V1805;G7;a.RISCO BAIXO;HVI3;R14;G7 - BHV;R18;3
V1805;G7;c.RISCO ALTO;HVI3;R14;G7 - BHV;R19;3
V1805;G7;b.RISCO NEUTRO;HVI3;R14;G7 - BHV;R19;3
V1805;G7;a.RISCO BAIXO;HVI3;R14;G7 - BHV;R19;3
V1805;G7;c.RISCO ALTO;HVI3;R14;G7 - BHV;R20;0
V1805;G7;b.RISCO NEUTRO;HVI3;R14;G7 - BHV;R20;0
V1805;G7;a.RISCO BAIXO;HVI3;R14;G7 - BHV;R20;0
V1805;G7;c.RISCO ALTO;HVI3;R14;G7 - BHV;R99;0
V1805;G7;b.RISCO NEUTRO;HVI3;R14;G7 - BHV;R99;0
V1805;G7;a.RISCO BAIXO;HVI3;R14;G7 - BHV;R99;0
V1805;G7;b.RISCO NEUTRO;HVI3;R15;G7 - BHV;R01;8
V1805;G7;c.RISCO ALTO;HVI3;R15;G7 - BHV;R01;8
V1805;G7;a.RISCO BAIXO;HVI3;R15;G7 - BHV;R01;8
V1805;G7;c.RISCO ALTO;HVI3;R15;G7 - BHV;R02;8
V1805;G7;b.RISCO NEUTRO;HVI3;R15;G7 - BHV;R02;8
V1805;G7;a.RISCO BAIXO;HVI3;R15;G7 - BHV;R02;8
V1805;G7;c.RISCO ALTO;HVI3;R15;G7 - BHV;R03;3
V1805;G7;b.RISCO NEUTRO;HVI3;R15;G7 - BHV;R03;3
V1805;G7;a.RISCO BAIXO;HVI3;R15;G7 - BHV;R03;3
V1805;G7;c.RISCO ALTO;HVI3;R15;G7 - BHV;R04;3
V1805;G7;b.RISCO NEUTRO;HVI3;R15;G7 - BHV;R04;3
V1805;G7;a.RISCO BAIXO;HVI3;R15;G7 - BHV;R04;3
V1805;G7;c.RISCO ALTO;HVI3;R15;G7 - BHV;R05;3
V1805;G7;b.RISCO NEUTRO;HVI3;R15;G7 - BHV;R05;3
V1805;G7;a.RISCO BAIXO;HVI3;R15;G7 - BHV;R05;3
V1805;G7;c.RISCO ALTO;HVI3;R15;G7 - BHV;R06;3
V1805;G7;b.RISCO NEUTRO;HVI3;R15;G7 - BHV;R06;3
V1805;G7;a.RISCO BAIXO;HVI3;R15;G7 - BHV;R06;3
V1805;G7;c.RISCO ALTO;HVI3;R15;G7 - BHV;R07;3
V1805;G7;b.RISCO NEUTRO;HVI3;R15;G7 - BHV;R07;3
V1805;G7;a.RISCO BAIXO;HVI3;R15;G7 - BHV;R07;3
V1805;G7;c.RISCO ALTO;HVI3;R15;G7 - BHV;R08;3
V1805;G7;b.RISCO NEUTRO;HVI3;R15;G7 - BHV;R08;3
V1805;G7;a.RISCO BAIXO;HVI3;R15;G7 - BHV;R08;3
V1805;G7;c.RISCO ALTO;HVI3;R15;G7 - BHV;R09;3
V1805;G7;b.RISCO NEUTRO;HVI3;R15;G7 - BHV;R09;3
V1805;G7;a.RISCO BAIXO;HVI3;R15;G7 - BHV;R09;3
V1805;G7;c.RISCO ALTO;HVI3;R15;G7 - BHV;R10;3
V1805;G7;b.RISCO NEUTRO;HVI3;R15;G7 - BHV;R10;3
V1805;G7;a.RISCO BAIXO;HVI3;R15;G7 - BHV;R10;3
V1805;G7;c.RISCO ALTO;HVI3;R15;G7 - BHV;R11;3
V1805;G7;b.RISCO NEUTRO;HVI3;R15;G7 - BHV;R11;3
V1805;G7;a.RISCO BAIXO;HVI3;R15;G7 - BHV;R11;3
V1805;G7;c.RISCO ALTO;HVI3;R15;G7 - BHV;R12;3
V1805;G7;b.RISCO NEUTRO;HVI3;R15;G7 - BHV;R12;3
V1805;G7;a.RISCO BAIXO;HVI3;R15;G7 - BHV;R12;3
V1805;G7;b.RISCO NEUTRO;HVI3;R15;G7 - BHV;R13;3
V1805;G7;c.RISCO ALTO;HVI3;R15;G7 - BHV;R13;3
V1805;G7;a.RISCO BAIXO;HVI3;R15;G7 - BHV;R13;3
V1805;G7;c.RISCO ALTO;HVI3;R15;G7 - BHV;R14;3
V1805;G7;b.RISCO NEUTRO;HVI3;R15;G7 - BHV;R14;3
V1805;G7;a.RISCO BAIXO;HVI3;R15;G7 - BHV;R14;3
V1805;G7;c.RISCO ALTO;HVI3;R15;G7 - BHV;R15;3
V1805;G7;b.RISCO NEUTRO;HVI3;R15;G7 - BHV;R15;3
V1805;G7;a.RISCO BAIXO;HVI3;R15;G7 - BHV;R15;3
V1805;G7;c.RISCO ALTO;HVI3;R15;G7 - BHV;R16;3
V1805;G7;b.RISCO NEUTRO;HVI3;R15;G7 - BHV;R16;3
V1805;G7;a.RISCO BAIXO;HVI3;R15;G7 - BHV;R16;3
V1805;G7;c.RISCO ALTO;HVI3;R15;G7 - BHV;R17;3
V1805;G7;b.RISCO NEUTRO;HVI3;R15;G7 - BHV;R17;3
V1805;G7;a.RISCO BAIXO;HVI3;R15;G7 - BHV;R17;3
V1805;G7;c.RISCO ALTO;HVI3;R15;G7 - BHV;R18;0
V1805;G7;b.RISCO NEUTRO;HVI3;R15;G7 - BHV;R18;3
V1805;G7;a.RISCO BAIXO;HVI3;R15;G7 - BHV;R18;3
V1805;G7;c.RISCO ALTO;HVI3;R15;G7 - BHV;R19;0
V1805;G7;b.RISCO NEUTRO;HVI3;R15;G7 - BHV;R19;0
V1805;G7;a.RISCO BAIXO;HVI3;R15;G7 - BHV;R19;3
V1805;G7;c.RISCO ALTO;HVI3;R15;G7 - BHV;R20;0
V1805;G7;b.RISCO NEUTRO;HVI3;R15;G7 - BHV;R20;0
V1805;G7;a.RISCO BAIXO;HVI3;R15;G7 - BHV;R20;0
V1805;G7;c.RISCO ALTO;HVI3;R15;G7 - BHV;R99;0
V1805;G7;b.RISCO NEUTRO;HVI3;R15;G7 - BHV;R99;0
V1805;G7;a.RISCO BAIXO;HVI3;R15;G7 - BHV;R99;0
V1805;G7;c.RISCO ALTO;HVI3;R16;G7 - BHV;R01;8
V1805;G7;b.RISCO NEUTRO;HVI3;R16;G7 - BHV;R01;8
V1805;G7;a.RISCO BAIXO;HVI3;R16;G7 - BHV;R01;8
V1805;G7;c.RISCO ALTO;HVI3;R16;G7 - BHV;R02;8
V1805;G7;b.RISCO NEUTRO;HVI3;R16;G7 - BHV;R02;8
V1805;G7;a.RISCO BAIXO;HVI3;R16;G7 - BHV;R02;8
V1805;G7;c.RISCO ALTO;HVI3;R16;G7 - BHV;R03;3
V1805;G7;b.RISCO NEUTRO;HVI3;R16;G7 - BHV;R03;3
V1805;G7;a.RISCO BAIXO;HVI3;R16;G7 - BHV;R03;3
V1805;G7;c.RISCO ALTO;HVI3;R16;G7 - BHV;R04;3
V1805;G7;b.RISCO NEUTRO;HVI3;R16;G7 - BHV;R04;3
V1805;G7;a.RISCO BAIXO;HVI3;R16;G7 - BHV;R04;3
V1805;G7;c.RISCO ALTO;HVI3;R16;G7 - BHV;R05;3
V1805;G7;b.RISCO NEUTRO;HVI3;R16;G7 - BHV;R05;3
V1805;G7;a.RISCO BAIXO;HVI3;R16;G7 - BHV;R05;3
V1805;G7;c.RISCO ALTO;HVI3;R16;G7 - BHV;R06;3
V1805;G7;b.RISCO NEUTRO;HVI3;R16;G7 - BHV;R06;3
V1805;G7;a.RISCO BAIXO;HVI3;R16;G7 - BHV;R06;3
V1805;G7;c.RISCO ALTO;HVI3;R16;G7 - BHV;R07;3
V1805;G7;b.RISCO NEUTRO;HVI3;R16;G7 - BHV;R07;3
V1805;G7;a.RISCO BAIXO;HVI3;R16;G7 - BHV;R07;3
V1805;G7;c.RISCO ALTO;HVI3;R16;G7 - BHV;R08;3
V1805;G7;b.RISCO NEUTRO;HVI3;R16;G7 - BHV;R08;3
V1805;G7;a.RISCO BAIXO;HVI3;R16;G7 - BHV;R08;3
V1805;G7;c.RISCO ALTO;HVI3;R16;G7 - BHV;R09;3
V1805;G7;b.RISCO NEUTRO;HVI3;R16;G7 - BHV;R09;3
V1805;G7;a.RISCO BAIXO;HVI3;R16;G7 - BHV;R09;3
V1805;G7;c.RISCO ALTO;HVI3;R16;G7 - BHV;R10;3
V1805;G7;b.RISCO NEUTRO;HVI3;R16;G7 - BHV;R10;3
V1805;G7;a.RISCO BAIXO;HVI3;R16;G7 - BHV;R10;3
V1805;G7;c.RISCO ALTO;HVI3;R16;G7 - BHV;R11;3
V1805;G7;b.RISCO NEUTRO;HVI3;R16;G7 - BHV;R11;3
V1805;G7;a.RISCO BAIXO;HVI3;R16;G7 - BHV;R11;3
V1805;G7;b.RISCO NEUTRO;HVI3;R16;G7 - BHV;R12;3
V1805;G7;c.RISCO ALTO;HVI3;R16;G7 - BHV;R12;3
V1805;G7;a.RISCO BAIXO;HVI3;R16;G7 - BHV;R12;3
V1805;G7;c.RISCO ALTO;HVI3;R16;G7 - BHV;R13;3
V1805;G7;b.RISCO NEUTRO;HVI3;R16;G7 - BHV;R13;3
V1805;G7;a.RISCO BAIXO;HVI3;R16;G7 - BHV;R13;3
V1805;G7;c.RISCO ALTO;HVI3;R16;G7 - BHV;R14;3
V1805;G7;b.RISCO NEUTRO;HVI3;R16;G7 - BHV;R14;3
V1805;G7;a.RISCO BAIXO;HVI3;R16;G7 - BHV;R14;3
V1805;G7;c.RISCO ALTO;HVI3;R16;G7 - BHV;R15;3
V1805;G7;b.RISCO NEUTRO;HVI3;R16;G7 - BHV;R15;3
V1805;G7;a.RISCO BAIXO;HVI3;R16;G7 - BHV;R15;3
V1805;G7;b.RISCO NEUTRO;HVI3;R16;G7 - BHV;R16;3
V1805;G7;c.RISCO ALTO;HVI3;R16;G7 - BHV;R16;3
V1805;G7;a.RISCO BAIXO;HVI3;R16;G7 - BHV;R16;3
V1805;G7;c.RISCO ALTO;HVI3;R16;G7 - BHV;R17;0
V1805;G7;b.RISCO NEUTRO;HVI3;R16;G7 - BHV;R17;3
V1805;G7;a.RISCO BAIXO;HVI3;R16;G7 - BHV;R17;3
V1805;G7;c.RISCO ALTO;HVI3;R16;G7 - BHV;R18;0
V1805;G7;b.RISCO NEUTRO;HVI3;R16;G7 - BHV;R18;3
V1805;G7;a.RISCO BAIXO;HVI3;R16;G7 - BHV;R18;3
V1805;G7;c.RISCO ALTO;HVI3;R16;G7 - BHV;R19;0
V1805;G7;b.RISCO NEUTRO;HVI3;R16;G7 - BHV;R19;0
V1805;G7;a.RISCO BAIXO;HVI3;R16;G7 - BHV;R19;0
V1805;G7;c.RISCO ALTO;HVI3;R16;G7 - BHV;R20;0
V1805;G7;b.RISCO NEUTRO;HVI3;R16;G7 - BHV;R20;0
V1805;G7;a.RISCO BAIXO;HVI3;R16;G7 - BHV;R20;0
V1805;G7;c.RISCO ALTO;HVI3;R16;G7 - BHV;R99;0
V1805;G7;b.RISCO NEUTRO;HVI3;R16;G7 - BHV;R99;0
V1805;G7;a.RISCO BAIXO;HVI3;R16;G7 - BHV;R99;0
V1805;G7;c.RISCO ALTO;HVI3;R17;G7 - BHV;R01;8
V1805;G7;b.RISCO NEUTRO;HVI3;R17;G7 - BHV;R01;8
V1805;G7;a.RISCO BAIXO;HVI3;R17;G7 - BHV;R01;8
V1805;G7;c.RISCO ALTO;HVI3;R17;G7 - BHV;R02;8
V1805;G7;b.RISCO NEUTRO;HVI3;R17;G7 - BHV;R02;8
V1805;G7;a.RISCO BAIXO;HVI3;R17;G7 - BHV;R02;8
V1805;G7;c.RISCO ALTO;HVI3;R17;G7 - BHV;R03;3
V1805;G7;b.RISCO NEUTRO;HVI3;R17;G7 - BHV;R03;3
V1805;G7;a.RISCO BAIXO;HVI3;R17;G7 - BHV;R03;3
V1805;G7;c.RISCO ALTO;HVI3;R17;G7 - BHV;R04;3
V1805;G7;b.RISCO NEUTRO;HVI3;R17;G7 - BHV;R04;3
V1805;G7;a.RISCO BAIXO;HVI3;R17;G7 - BHV;R04;3
V1805;G7;c.RISCO ALTO;HVI3;R17;G7 - BHV;R05;3
V1805;G7;b.RISCO NEUTRO;HVI3;R17;G7 - BHV;R05;3
V1805;G7;a.RISCO BAIXO;HVI3;R17;G7 - BHV;R05;3
V1805;G7;c.RISCO ALTO;HVI3;R17;G7 - BHV;R06;3
V1805;G7;b.RISCO NEUTRO;HVI3;R17;G7 - BHV;R06;3
V1805;G7;a.RISCO BAIXO;HVI3;R17;G7 - BHV;R06;3
V1805;G7;b.RISCO NEUTRO;HVI3;R17;G7 - BHV;R07;3
V1805;G7;c.RISCO ALTO;HVI3;R17;G7 - BHV;R07;3
V1805;G7;a.RISCO BAIXO;HVI3;R17;G7 - BHV;R07;3
V1805;G7;c.RISCO ALTO;HVI3;R17;G7 - BHV;R08;3
V1805;G7;b.RISCO NEUTRO;HVI3;R17;G7 - BHV;R08;3
V1805;G7;a.RISCO BAIXO;HVI3;R17;G7 - BHV;R08;3
V1805;G7;c.RISCO ALTO;HVI3;R17;G7 - BHV;R09;3
V1805;G7;b.RISCO NEUTRO;HVI3;R17;G7 - BHV;R09;3
V1805;G7;a.RISCO BAIXO;HVI3;R17;G7 - BHV;R09;3
V1805;G7;c.RISCO ALTO;HVI3;R17;G7 - BHV;R10;3
V1805;G7;b.RISCO NEUTRO;HVI3;R17;G7 - BHV;R10;3
V1805;G7;a.RISCO BAIXO;HVI3;R17;G7 - BHV;R10;3
V1805;G7;c.RISCO ALTO;HVI3;R17;G7 - BHV;R11;3
V1805;G7;b.RISCO NEUTRO;HVI3;R17;G7 - BHV;R11;3
V1805;G7;a.RISCO BAIXO;HVI3;R17;G7 - BHV;R11;3
V1805;G7;c.RISCO ALTO;HVI3;R17;G7 - BHV;R12;3
V1805;G7;b.RISCO NEUTRO;HVI3;R17;G7 - BHV;R12;3
V1805;G7;a.RISCO BAIXO;HVI3;R17;G7 - BHV;R12;3
V1805;G7;c.RISCO ALTO;HVI3;R17;G7 - BHV;R13;3
V1805;G7;b.RISCO NEUTRO;HVI3;R17;G7 - BHV;R13;3
V1805;G7;a.RISCO BAIXO;HVI3;R17;G7 - BHV;R13;3
V1805;G7;c.RISCO ALTO;HVI3;R17;G7 - BHV;R14;0
V1805;G7;b.RISCO NEUTRO;HVI3;R17;G7 - BHV;R14;3
V1805;G7;a.RISCO BAIXO;HVI3;R17;G7 - BHV;R14;3
V1805;G7;c.RISCO ALTO;HVI3;R17;G7 - BHV;R15;0
V1805;G7;b.RISCO NEUTRO;HVI3;R17;G7 - BHV;R15;3
V1805;G7;a.RISCO BAIXO;HVI3;R17;G7 - BHV;R15;3
V1805;G7;c.RISCO ALTO;HVI3;R17;G7 - BHV;R16;0
V1805;G7;b.RISCO NEUTRO;HVI3;R17;G7 - BHV;R16;3
V1805;G7;a.RISCO BAIXO;HVI3;R17;G7 - BHV;R16;3
V1805;G7;c.RISCO ALTO;HVI3;R17;G7 - BHV;R17;0
V1805;G7;b.RISCO NEUTRO;HVI3;R17;G7 - BHV;R17;0
V1805;G7;a.RISCO BAIXO;HVI3;R17;G7 - BHV;R17;0
V1805;G7;c.RISCO ALTO;HVI3;R17;G7 - BHV;R18;0
V1805;G7;b.RISCO NEUTRO;HVI3;R17;G7 - BHV;R18;0
V1805;G7;a.RISCO BAIXO;HVI3;R17;G7 - BHV;R18;0
V1805;G7;b.RISCO NEUTRO;HVI3;R17;G7 - BHV;R19;0
V1805;G7;c.RISCO ALTO;HVI3;R17;G7 - BHV;R19;0
V1805;G7;a.RISCO BAIXO;HVI3;R17;G7 - BHV;R19;0
V1805;G7;c.RISCO ALTO;HVI3;R17;G7 - BHV;R20;0
V1805;G7;b.RISCO NEUTRO;HVI3;R17;G7 - BHV;R20;0
V1805;G7;a.RISCO BAIXO;HVI3;R17;G7 - BHV;R20;0
V1805;G7;c.RISCO ALTO;HVI3;R17;G7 - BHV;R99;0
V1805;G7;b.RISCO NEUTRO;HVI3;R17;G7 - BHV;R99;0
V1805;G7;a.RISCO BAIXO;HVI3;R17;G7 - BHV;R99;0
V1805;G7;c.RISCO ALTO;HVI3;R18;G7 - BHV;R01;8
V1805;G7;b.RISCO NEUTRO;HVI3;R18;G7 - BHV;R01;8
V1805;G7;a.RISCO BAIXO;HVI3;R18;G7 - BHV;R01;8
V1805;G7;c.RISCO ALTO;HVI3;R18;G7 - BHV;R02;8
V1805;G7;b.RISCO NEUTRO;HVI3;R18;G7 - BHV;R02;8
V1805;G7;a.RISCO BAIXO;HVI3;R18;G7 - BHV;R02;8
V1805;G7;c.RISCO ALTO;HVI3;R18;G7 - BHV;R03;3
V1805;G7;b.RISCO NEUTRO;HVI3;R18;G7 - BHV;R03;3
V1805;G7;a.RISCO BAIXO;HVI3;R18;G7 - BHV;R03;3
V1805;G7;c.RISCO ALTO;HVI3;R18;G7 - BHV;R04;3
V1805;G7;b.RISCO NEUTRO;HVI3;R18;G7 - BHV;R04;3
V1805;G7;a.RISCO BAIXO;HVI3;R18;G7 - BHV;R04;3
V1805;G7;c.RISCO ALTO;HVI3;R18;G7 - BHV;R05;3
V1805;G7;b.RISCO NEUTRO;HVI3;R18;G7 - BHV;R05;3
V1805;G7;a.RISCO BAIXO;HVI3;R18;G7 - BHV;R05;3
V1805;G7;c.RISCO ALTO;HVI3;R18;G7 - BHV;R06;0
V1805;G7;b.RISCO NEUTRO;HVI3;R18;G7 - BHV;R06;3
V1805;G7;a.RISCO BAIXO;HVI3;R18;G7 - BHV;R06;3
V1805;G7;c.RISCO ALTO;HVI3;R18;G7 - BHV;R07;0
V1805;G7;b.RISCO NEUTRO;HVI3;R18;G7 - BHV;R07;3
V1805;G7;a.RISCO BAIXO;HVI3;R18;G7 - BHV;R07;3
V1805;G7;c.RISCO ALTO;HVI3;R18;G7 - BHV;R08;0
V1805;G7;b.RISCO NEUTRO;HVI3;R18;G7 - BHV;R08;3
V1805;G7;a.RISCO BAIXO;HVI3;R18;G7 - BHV;R08;3
V1805;G7;c.RISCO ALTO;HVI3;R18;G7 - BHV;R09;0
V1805;G7;b.RISCO NEUTRO;HVI3;R18;G7 - BHV;R09;0
V1805;G7;a.RISCO BAIXO;HVI3;R18;G7 - BHV;R09;3
V1805;G7;c.RISCO ALTO;HVI3;R18;G7 - BHV;R10;0
V1805;G7;b.RISCO NEUTRO;HVI3;R18;G7 - BHV;R10;0
V1805;G7;a.RISCO BAIXO;HVI3;R18;G7 - BHV;R10;3
V1805;G7;c.RISCO ALTO;HVI3;R18;G7 - BHV;R11;0
V1805;G7;b.RISCO NEUTRO;HVI3;R18;G7 - BHV;R11;0
V1805;G7;a.RISCO BAIXO;HVI3;R18;G7 - BHV;R11;0
V1805;G7;c.RISCO ALTO;HVI3;R18;G7 - BHV;R12;0
V1805;G7;b.RISCO NEUTRO;HVI3;R18;G7 - BHV;R12;0
V1805;G7;a.RISCO BAIXO;HVI3;R18;G7 - BHV;R12;0
V1805;G7;c.RISCO ALTO;HVI3;R18;G7 - BHV;R13;0
V1805;G7;b.RISCO NEUTRO;HVI3;R18;G7 - BHV;R13;0
V1805;G7;a.RISCO BAIXO;HVI3;R18;G7 - BHV;R13;0
V1805;G7;c.RISCO ALTO;HVI3;R18;G7 - BHV;R14;0
V1805;G7;b.RISCO NEUTRO;HVI3;R18;G7 - BHV;R14;0
V1805;G7;a.RISCO BAIXO;HVI3;R18;G7 - BHV;R14;0
V1805;G7;c.RISCO ALTO;HVI3;R18;G7 - BHV;R15;0
V1805;G7;b.RISCO NEUTRO;HVI3;R18;G7 - BHV;R15;0
V1805;G7;a.RISCO BAIXO;HVI3;R18;G7 - BHV;R15;0
V1805;G7;c.RISCO ALTO;HVI3;R18;G7 - BHV;R16;0
V1805;G7;b.RISCO NEUTRO;HVI3;R18;G7 - BHV;R16;0
V1805;G7;a.RISCO BAIXO;HVI3;R18;G7 - BHV;R16;0
V1805;G7;c.RISCO ALTO;HVI3;R18;G7 - BHV;R17;0
V1805;G7;b.RISCO NEUTRO;HVI3;R18;G7 - BHV;R17;0
V1805;G7;a.RISCO BAIXO;HVI3;R18;G7 - BHV;R17;0
V1805;G7;c.RISCO ALTO;HVI3;R18;G7 - BHV;R18;0
V1805;G7;b.RISCO NEUTRO;HVI3;R18;G7 - BHV;R18;0
V1805;G7;a.RISCO BAIXO;HVI3;R18;G7 - BHV;R18;0
V1805;G7;c.RISCO ALTO;HVI3;R18;G7 - BHV;R19;0
V1805;G7;b.RISCO NEUTRO;HVI3;R18;G7 - BHV;R19;0
V1805;G7;a.RISCO BAIXO;HVI3;R18;G7 - BHV;R19;0
V1805;G7;c.RISCO ALTO;HVI3;R18;G7 - BHV;R20;0
V1805;G7;b.RISCO NEUTRO;HVI3;R18;G7 - BHV;R20;0
V1805;G7;a.RISCO BAIXO;HVI3;R18;G7 - BHV;R20;0
V1805;G7;c.RISCO ALTO;HVI3;R18;G7 - BHV;R99;0
V1805;G7;b.RISCO NEUTRO;HVI3;R18;G7 - BHV;R99;0
V1805;G7;a.RISCO BAIXO;HVI3;R18;G7 - BHV;R99;0
V1805;G7;b.RISCO NEUTRO;HVI3;R19;G7 - BHV;R01;8
V1805;G7;c.RISCO ALTO;HVI3;R19;G7 - BHV;R01;8
V1805;G7;a.RISCO BAIXO;HVI3;R19;G7 - BHV;R01;8
V1805;G7;c.RISCO ALTO;HVI3;R19;G7 - BHV;R02;8
V1805;G7;b.RISCO NEUTRO;HVI3;R19;G7 - BHV;R02;8
V1805;G7;a.RISCO BAIXO;HVI3;R19;G7 - BHV;R02;8
V1805;G7;c.RISCO ALTO;HVI3;R19;G7 - BHV;R03;3
V1805;G7;b.RISCO NEUTRO;HVI3;R19;G7 - BHV;R03;3
V1805;G7;a.RISCO BAIXO;HVI3;R19;G7 - BHV;R03;3
V1805;G7;c.RISCO ALTO;HVI3;R19;G7 - BHV;R04;3
V1805;G7;b.RISCO NEUTRO;HVI3;R19;G7 - BHV;R04;3
V1805;G7;a.RISCO BAIXO;HVI3;R19;G7 - BHV;R04;3
V1805;G7;c.RISCO ALTO;HVI3;R19;G7 - BHV;R05;3
V1805;G7;b.RISCO NEUTRO;HVI3;R19;G7 - BHV;R05;3
V1805;G7;a.RISCO BAIXO;HVI3;R19;G7 - BHV;R05;3
V1805;G7;c.RISCO ALTO;HVI3;R19;G7 - BHV;R06;0
V1805;G7;b.RISCO NEUTRO;HVI3;R19;G7 - BHV;R06;3
V1805;G7;a.RISCO BAIXO;HVI3;R19;G7 - BHV;R06;3
V1805;G7;c.RISCO ALTO;HVI3;R19;G7 - BHV;R07;0
V1805;G7;b.RISCO NEUTRO;HVI3;R19;G7 - BHV;R07;3
V1805;G7;a.RISCO BAIXO;HVI3;R19;G7 - BHV;R07;3
V1805;G7;c.RISCO ALTO;HVI3;R19;G7 - BHV;R08;0
V1805;G7;b.RISCO NEUTRO;HVI3;R19;G7 - BHV;R08;0
V1805;G7;a.RISCO BAIXO;HVI3;R19;G7 - BHV;R08;3
V1805;G7;c.RISCO ALTO;HVI3;R19;G7 - BHV;R09;0
V1805;G7;b.RISCO NEUTRO;HVI3;R19;G7 - BHV;R09;0
V1805;G7;a.RISCO BAIXO;HVI3;R19;G7 - BHV;R09;3
V1805;G7;c.RISCO ALTO;HVI3;R19;G7 - BHV;R10;0
V1805;G7;b.RISCO NEUTRO;HVI3;R19;G7 - BHV;R10;0
V1805;G7;a.RISCO BAIXO;HVI3;R19;G7 - BHV;R10;3
V1805;G7;c.RISCO ALTO;HVI3;R19;G7 - BHV;R11;0
V1805;G7;b.RISCO NEUTRO;HVI3;R19;G7 - BHV;R11;0
V1805;G7;a.RISCO BAIXO;HVI3;R19;G7 - BHV;R11;0
V1805;G7;c.RISCO ALTO;HVI3;R19;G7 - BHV;R12;0
V1805;G7;b.RISCO NEUTRO;HVI3;R19;G7 - BHV;R12;0
V1805;G7;a.RISCO BAIXO;HVI3;R19;G7 - BHV;R12;0
V1805;G7;b.RISCO NEUTRO;HVI3;R19;G7 - BHV;R13;0
V1805;G7;c.RISCO ALTO;HVI3;R19;G7 - BHV;R13;0
V1805;G7;a.RISCO BAIXO;HVI3;R19;G7 - BHV;R13;0
V1805;G7;c.RISCO ALTO;HVI3;R19;G7 - BHV;R14;0
V1805;G7;b.RISCO NEUTRO;HVI3;R19;G7 - BHV;R14;0
V1805;G7;a.RISCO BAIXO;HVI3;R19;G7 - BHV;R14;0
V1805;G7;c.RISCO ALTO;HVI3;R19;G7 - BHV;R15;0
V1805;G7;b.RISCO NEUTRO;HVI3;R19;G7 - BHV;R15;0
V1805;G7;a.RISCO BAIXO;HVI3;R19;G7 - BHV;R15;0
V1805;G7;c.RISCO ALTO;HVI3;R19;G7 - BHV;R16;0
V1805;G7;b.RISCO NEUTRO;HVI3;R19;G7 - BHV;R16;0
V1805;G7;a.RISCO BAIXO;HVI3;R19;G7 - BHV;R16;0
V1805;G7;c.RISCO ALTO;HVI3;R19;G7 - BHV;R17;0
V1805;G7;b.RISCO NEUTRO;HVI3;R19;G7 - BHV;R17;0
V1805;G7;a.RISCO BAIXO;HVI3;R19;G7 - BHV;R17;0
V1805;G7;c.RISCO ALTO;HVI3;R19;G7 - BHV;R18;0
V1805;G7;b.RISCO NEUTRO;HVI3;R19;G7 - BHV;R18;0
V1805;G7;a.RISCO BAIXO;HVI3;R19;G7 - BHV;R18;0
V1805;G7;c.RISCO ALTO;HVI3;R19;G7 - BHV;R19;0
V1805;G7;b.RISCO NEUTRO;HVI3;R19;G7 - BHV;R19;0
V1805;G7;a.RISCO BAIXO;HVI3;R19;G7 - BHV;R19;0
V1805;G7;c.RISCO ALTO;HVI3;R19;G7 - BHV;R20;0
V1805;G7;b.RISCO NEUTRO;HVI3;R19;G7 - BHV;R20;0
V1805;G7;a.RISCO BAIXO;HVI3;R19;G7 - BHV;R20;0
V1805;G7;c.RISCO ALTO;HVI3;R19;G7 - BHV;R99;0
V1805;G7;b.RISCO NEUTRO;HVI3;R19;G7 - BHV;R99;0
V1805;G7;a.RISCO BAIXO;HVI3;R19;G7 - BHV;R99;0
V1805;G7;c.RISCO ALTO;HVI3;R20;G7 - BHV;R01;8
V1805;G7;b.RISCO NEUTRO;HVI3;R20;G7 - BHV;R01;8
V1805;G7;a.RISCO BAIXO;HVI3;R20;G7 - BHV;R01;8
V1805;G7;c.RISCO ALTO;HVI3;R20;G7 - BHV;R02;8
V1805;G7;b.RISCO NEUTRO;HVI3;R20;G7 - BHV;R02;8
V1805;G7;a.RISCO BAIXO;HVI3;R20;G7 - BHV;R02;8
V1805;G7;c.RISCO ALTO;HVI3;R20;G7 - BHV;R03;3
V1805;G7;b.RISCO NEUTRO;HVI3;R20;G7 - BHV;R03;3
V1805;G7;a.RISCO BAIXO;HVI3;R20;G7 - BHV;R03;3
V1805;G7;b.RISCO NEUTRO;HVI3;R20;G7 - BHV;R04;3
V1805;G7;c.RISCO ALTO;HVI3;R20;G7 - BHV;R04;3
V1805;G7;a.RISCO BAIXO;HVI3;R20;G7 - BHV;R04;3
V1805;G7;c.RISCO ALTO;HVI3;R20;G7 - BHV;R05;3
V1805;G7;b.RISCO NEUTRO;HVI3;R20;G7 - BHV;R05;3
V1805;G7;a.RISCO BAIXO;HVI3;R20;G7 - BHV;R05;3
V1805;G7;c.RISCO ALTO;HVI3;R20;G7 - BHV;R06;0
V1805;G7;b.RISCO NEUTRO;HVI3;R20;G7 - BHV;R06;3
V1805;G7;a.RISCO BAIXO;HVI3;R20;G7 - BHV;R06;3
V1805;G7;c.RISCO ALTO;HVI3;R20;G7 - BHV;R07;0
V1805;G7;b.RISCO NEUTRO;HVI3;R20;G7 - BHV;R07;3
V1805;G7;a.RISCO BAIXO;HVI3;R20;G7 - BHV;R07;3
V1805;G7;c.RISCO ALTO;HVI3;R20;G7 - BHV;R08;0
V1805;G7;b.RISCO NEUTRO;HVI3;R20;G7 - BHV;R08;0
V1805;G7;a.RISCO BAIXO;HVI3;R20;G7 - BHV;R08;3
V1805;G7;c.RISCO ALTO;HVI3;R20;G7 - BHV;R09;0
V1805;G7;b.RISCO NEUTRO;HVI3;R20;G7 - BHV;R09;0
V1805;G7;a.RISCO BAIXO;HVI3;R20;G7 - BHV;R09;3
V1805;G7;c.RISCO ALTO;HVI3;R20;G7 - BHV;R10;0
V1805;G7;b.RISCO NEUTRO;HVI3;R20;G7 - BHV;R10;0
V1805;G7;a.RISCO BAIXO;HVI3;R20;G7 - BHV;R10;3
V1805;G7;c.RISCO ALTO;HVI3;R20;G7 - BHV;R11;0
V1805;G7;b.RISCO NEUTRO;HVI3;R20;G7 - BHV;R11;0
V1805;G7;a.RISCO BAIXO;HVI3;R20;G7 - BHV;R11;0
V1805;G7;c.RISCO ALTO;HVI3;R20;G7 - BHV;R12;0
V1805;G7;b.RISCO NEUTRO;HVI3;R20;G7 - BHV;R12;0
V1805;G7;a.RISCO BAIXO;HVI3;R20;G7 - BHV;R12;0
V1805;G7;c.RISCO ALTO;HVI3;R20;G7 - BHV;R13;0
V1805;G7;b.RISCO NEUTRO;HVI3;R20;G7 - BHV;R13;0
V1805;G7;a.RISCO BAIXO;HVI3;R20;G7 - BHV;R13;0
V1805;G7;c.RISCO ALTO;HVI3;R20;G7 - BHV;R14;0
V1805;G7;b.RISCO NEUTRO;HVI3;R20;G7 - BHV;R14;0
V1805;G7;a.RISCO BAIXO;HVI3;R20;G7 - BHV;R14;0
V1805;G7;c.RISCO ALTO;HVI3;R20;G7 - BHV;R15;0
V1805;G7;b.RISCO NEUTRO;HVI3;R20;G7 - BHV;R15;0
V1805;G7;a.RISCO BAIXO;HVI3;R20;G7 - BHV;R15;0
V1805;G7;c.RISCO ALTO;HVI3;R20;G7 - BHV;R16;0
V1805;G7;b.RISCO NEUTRO;HVI3;R20;G7 - BHV;R16;0
V1805;G7;a.RISCO BAIXO;HVI3;R20;G7 - BHV;R16;0
V1805;G7;c.RISCO ALTO;HVI3;R20;G7 - BHV;R17;0
V1805;G7;b.RISCO NEUTRO;HVI3;R20;G7 - BHV;R17;0
V1805;G7;a.RISCO BAIXO;HVI3;R20;G7 - BHV;R17;0
V1805;G7;c.RISCO ALTO;HVI3;R20;G7 - BHV;R18;0
V1805;G7;b.RISCO NEUTRO;HVI3;R20;G7 - BHV;R18;0
V1805;G7;a.RISCO BAIXO;HVI3;R20;G7 - BHV;R18;0
V1805;G7;c.RISCO ALTO;HVI3;R20;G7 - BHV;R19;0
V1805;G7;b.RISCO NEUTRO;HVI3;R20;G7 - BHV;R19;0
V1805;G7;a.RISCO BAIXO;HVI3;R20;G7 - BHV;R19;0
V1805;G7;c.RISCO ALTO;HVI3;R20;G7 - BHV;R20;0
V1805;G7;b.RISCO NEUTRO;HVI3;R20;G7 - BHV;R20;0
V1805;G7;a.RISCO BAIXO;HVI3;R20;G7 - BHV;R20;0
V1805;G7;c.RISCO ALTO;HVI3;R20;G7 - BHV;R99;0
V1805;G7;b.RISCO NEUTRO;HVI3;R20;G7 - BHV;R99;0
V1805;G7;a.RISCO BAIXO;HVI3;R20;G7 - BHV;R99;0
V1805;G7;c.RISCO ALTO;HVI3;R99;G7 - BHV;R01;5
V1805;G7;b.RISCO NEUTRO;HVI3;R99;G7 - BHV;R01;5
V1805;G7;a.RISCO BAIXO;HVI3;R99;G7 - BHV;R01;5
V1805;G7;c.RISCO ALTO;HVI3;R99;G7 - BHV;R02;5
V1805;G7;b.RISCO NEUTRO;HVI3;R99;G7 - BHV;R02;5
V1805;G7;a.RISCO BAIXO;HVI3;R99;G7 - BHV;R02;5
V1805;G7;c.RISCO ALTO;HVI3;R99;G7 - BHV;R03;5
V1805;G7;b.RISCO NEUTRO;HVI3;R99;G7 - BHV;R03;5
V1805;G7;a.RISCO BAIXO;HVI3;R99;G7 - BHV;R03;5
V1805;G7;c.RISCO ALTO;HVI3;R99;G7 - BHV;R04;5
V1805;G7;b.RISCO NEUTRO;HVI3;R99;G7 - BHV;R04;5
V1805;G7;a.RISCO BAIXO;HVI3;R99;G7 - BHV;R04;5
V1805;G7;c.RISCO ALTO;HVI3;R99;G7 - BHV;R05;5
V1805;G7;b.RISCO NEUTRO;HVI3;R99;G7 - BHV;R05;5
V1805;G7;a.RISCO BAIXO;HVI3;R99;G7 - BHV;R05;5
V1805;G7;c.RISCO ALTO;HVI3;R99;G7 - BHV;R06;5
V1805;G7;b.RISCO NEUTRO;HVI3;R99;G7 - BHV;R06;5
V1805;G7;a.RISCO BAIXO;HVI3;R99;G7 - BHV;R06;5
V1805;G7;c.RISCO ALTO;HVI3;R99;G7 - BHV;R07;5
V1805;G7;b.RISCO NEUTRO;HVI3;R99;G7 - BHV;R07;5
V1805;G7;a.RISCO BAIXO;HVI3;R99;G7 - BHV;R07;5
V1805;G7;c.RISCO ALTO;HVI3;R99;G7 - BHV;R08;5
V1805;G7;b.RISCO NEUTRO;HVI3;R99;G7 - BHV;R08;5
V1805;G7;a.RISCO BAIXO;HVI3;R99;G7 - BHV;R08;5
V1805;G7;c.RISCO ALTO;HVI3;R99;G7 - BHV;R09;5
V1805;G7;b.RISCO NEUTRO;HVI3;R99;G7 - BHV;R09;5
V1805;G7;a.RISCO BAIXO;HVI3;R99;G7 - BHV;R09;5
V1805;G7;c.RISCO ALTO;HVI3;R99;G7 - BHV;R10;5
V1805;G7;b.RISCO NEUTRO;HVI3;R99;G7 - BHV;R10;5
V1805;G7;a.RISCO BAIXO;HVI3;R99;G7 - BHV;R10;5
V1805;G7;c.RISCO ALTO;HVI3;R99;G7 - BHV;R11;5
V1805;G7;b.RISCO NEUTRO;HVI3;R99;G7 - BHV;R11;5
V1805;G7;a.RISCO BAIXO;HVI3;R99;G7 - BHV;R11;5
V1805;G7;c.RISCO ALTO;HVI3;R99;G7 - BHV;R12;5
V1805;G7;b.RISCO NEUTRO;HVI3;R99;G7 - BHV;R12;5
V1805;G7;a.RISCO BAIXO;HVI3;R99;G7 - BHV;R12;5
V1805;G7;c.RISCO ALTO;HVI3;R99;G7 - BHV;R13;5
V1805;G7;b.RISCO NEUTRO;HVI3;R99;G7 - BHV;R13;5
V1805;G7;a.RISCO BAIXO;HVI3;R99;G7 - BHV;R13;5
V1805;G7;c.RISCO ALTO;HVI3;R99;G7 - BHV;R14;5
V1805;G7;b.RISCO NEUTRO;HVI3;R99;G7 - BHV;R14;5
V1805;G7;a.RISCO BAIXO;HVI3;R99;G7 - BHV;R14;5
V1805;G7;c.RISCO ALTO;HVI3;R99;G7 - BHV;R15;5
V1805;G7;b.RISCO NEUTRO;HVI3;R99;G7 - BHV;R15;5
V1805;G7;a.RISCO BAIXO;HVI3;R99;G7 - BHV;R15;5
V1805;G7;c.RISCO ALTO;HVI3;R99;G7 - BHV;R16;5
V1805;G7;b.RISCO NEUTRO;HVI3;R99;G7 - BHV;R16;5
V1805;G7;a.RISCO BAIXO;HVI3;R99;G7 - BHV;R16;5
V1805;G7;c.RISCO ALTO;HVI3;R99;G7 - BHV;R17;5
V1805;G7;b.RISCO NEUTRO;HVI3;R99;G7 - BHV;R17;5
V1805;G7;a.RISCO BAIXO;HVI3;R99;G7 - BHV;R17;5
V1805;G7;c.RISCO ALTO;HVI3;R99;G7 - BHV;R18;5
V1805;G7;b.RISCO NEUTRO;HVI3;R99;G7 - BHV;R18;5
V1805;G7;a.RISCO BAIXO;HVI3;R99;G7 - BHV;R18;5
V1805;G7;c.RISCO ALTO;HVI3;R99;G7 - BHV;R19;5
V1805;G7;b.RISCO NEUTRO;HVI3;R99;G7 - BHV;R19;5
V1805;G7;a.RISCO BAIXO;HVI3;R99;G7 - BHV;R19;5
V1805;G7;c.RISCO ALTO;HVI3;R99;G7 - BHV;R20;5
V1805;G7;b.RISCO NEUTRO;HVI3;R99;G7 - BHV;R20;5
V1805;G7;a.RISCO BAIXO;HVI3;R99;G7 - BHV;R20;5
V1805;G7;c.RISCO ALTO;HVI3;R99;G7 - BHV;R99;5
V1805;G7;b.RISCO NEUTRO;HVI3;R99;G7 - BHV;R99;5
V1805;G7;a.RISCO BAIXO;HVI3;R99;G7 - BHV;R99;5
